Berthold Technologies LB2045

Spektrum 

08.12.20  05:58:02

Probe: Am241 2048 150s

Real Time[s]: 150,719
Live Time[s]: 147,76
DTL(%): 2,15
Energie:E2048

------------------------------------
 65.1626016998291
 256.66085975647
 2813.36947021484
 6680.27488174439
 10084.6883583069
 12255.2974716187
 11011.1498382568
 7011.25952529907
 3170.95109405518
 1607.63969726563
 1285.96399681091
 1541.14724655151
 1931.23629074097
 2693.68305892944
 3410.32391662598
 4564.33733901978
 6284.27539749145
 9597.07705307007
 15692.2183685303
 26892.5022888184
 46618.5960006714
 73082.5913848877
 100654.794281006
 114780.746032715
 106668.667045593
 78239.450340271
 46603.8199005127
 21839.0760345459
 8262.79520874024
 2705.5039390564
 1075.70009155273
 597.10220741272
 484.508324203491
 536.815718765259
 566.515680084229
 543.760485839844
 567.550007095337
 548.784359893799
 527.950058670044
 521.153052597046
 541.839592819214
 536.815718765259
 478.597884140015
 478.597884140015
 519.084398574829
 588.236547317505
 535.929152755737
 587.202220306397
 543.760485839844
 520.118725585937
 507.263518447876
 523.073945617676
 481.553104171753
 468.845658035278
 463.821783981323
 468.845658035278
 467.81133102417
 470.766551055908
 499.43218536377
 475.642664108276
 453.035230865478
 386.838302154541
 367.186088943481
 330.689121551514
 325.665247497559
 279.268292999268
 211.1504712677
 222.971351394653
 219.129565353394
 218.095238342285
 215.140018310547
 213.219125289917
 231.984772491455
 196.374371109009
 204.353465194702
 177.608723907471
 181.598270950317
 183.519163970947
 200.363918151855
 184.553490982056
 194.453478088379
 174.653503875732
 195.3400440979
 169.777390823364
 165.787843780518
 159.877403717041
 175.687830886841
 178.643050918579
 157.956510696411
 157.956510696411
 125.301329345703
 145.10130355835
 175.687830886841
 137.122209472656
 141.111756515503
 149.977416610718
 148.056523590088
 135.201316452026
 141.111756515503
 142.146083526611
 155.887856674194
 138.156536483765
 144.066976547241
 146.135630569458
 137.122209472656
 144.066976547241
 132.246096420288
 155.001290664673
 143.032649536133
 139.190863494873
 121.459543304443
 134.166989440918
 128.256549377441
 127.36998336792
 119.390889282227
 158.843076705933
 117.469996261597
 128.256549377441
 133.280423431396
 124.414763336182
 120.425216293335
 119.390889282227
 116.435669250488
 136.235643463135
 109.490902175903
 105.649116134644
 127.36998336792
 106.535682144165
 96.7834560394287
 103.580462112427
 81.8595948791504
 106.535682144165
 78.9043748474121
 88.8043619537354
 79.9387018585205
 86.8834689331055
 87.770034942627
 79.9387018585205
 75.9491548156738
 79.9387018585205
 71.0730417633057
 70.0387147521973
 81.8595948791504
 52.3073945617676
 78.9043748474121
 89.8386889648438
 75.0625888061523
 60.138727645874
 70.0387147521973
 63.0939476776123
 64.1282746887207
 67.083494720459
 54.2282875823975
 59.2521616363525
 55.2626145935059
 60.138727645874
 61.1730546569824
 68.1178217315674
 56.2969416046143
 61.1730546569824
 65.1626016998291
 42.4074074554443
 49.3521745300293
 52.3073945617676
 52.3073945617676
 55.2626145935059
 60.138727645874
 52.3073945617676
 58.2178346252441
 53.341721572876
 57.1835076141357
 56.2969416046143
 58.2178346252441
 50.3865015411377
 54.2282875823975
 47.4312815093994
 55.2626145935059
 47.4312815093994
 44.4760614776611
 39.4521874237061
 44.4760614776611
 53.341721572876
 44.4760614776611
 38.4178604125977
 37.5312944030762
 36.4969673919678
 41.5208414459229
 42.4074074554443
 44.4760614776611
 39.4521874237061
 33.5417473602295
 31.6208543395996
 42.4074074554443
 52.3073945617676
 41.5208414459229
 38.4178604125977
 38.4178604125977
 35.4626403808594
 31.6208543395996
 39.4521874237061
 27.6313072967529
 42.4074074554443
 32.5074203491211
 35.4626403808594
 27.6313072967529
 38.4178604125977
 29.5522003173828
 37.5312944030762
 44.4760614776611
 16.8447541809082
 24.6760872650147
 28.6656343078613
 24.6760872650147
 30.5865273284912
 27.6313072967529
 27.6313072967529
 24.6760872650147
 27.6313072967529
 20.686540222168
 26.5969802856445
 26.5969802856445
 18.7656472015381
 32.5074203491211
 28.6656343078613
 22.7551942443848
 28.6656343078613
 29.5522003173828
 29.5522003173828
 33.5417473602295
 16.8447541809082
 26.5969802856445
 29.5522003173828
 28.6656343078613
 38.4178604125977
 31.6208543395996
 28.6656343078613
 28.6656343078613
 35.4626403808594
 31.6208543395996
 23.6417602539063
 24.6760872650147
 29.5522003173828
 23.6417602539063
 23.6417602539063
 21.7208672332764
 33.5417473602295
 21.7208672332764
 23.6417602539063
 22.7551942443848
 24.6760872650147
 27.6313072967529
 30.5865273284912
 23.6417602539063
 27.6313072967529
 26.5969802856445
 21.7208672332764
 25.710414276123
 24.6760872650147
 26.5969802856445
 19.7999742126465
 32.5074203491211
 26.5969802856445
 25.710414276123
 20.686540222168
 24.6760872650147
 24.6760872650147
 25.710414276123
 22.7551942443848
 13.741773147583
 21.7208672332764
 28.6656343078613
 23.6417602539063
 22.7551942443848
 16.8447541809082
 23.6417602539063
 24.6760872650147
 23.6417602539063
 22.7551942443848
 16.8447541809082
 16.8447541809082
 15.8104271697998
 20.686540222168
 17.7313201904297
 28.6656343078613
 26.5969802856445
 25.710414276123
 24.6760872650147
 17.7313201904297
 24.6760872650147
 26.5969802856445
 24.6760872650147
 23.6417602539063
 29.5522003173828
 28.6656343078613
 23.6417602539063
 24.6760872650147
 19.7999742126465
 25.710414276123
 21.7208672332764
 23.6417602539063
 24.6760872650147
 22.7551942443848
 32.5074203491211
 28.6656343078613
 22.7551942443848
 22.7551942443848
 17.7313201904297
 24.6760872650147
 18.7656472015381
 17.7313201904297
 21.7208672332764
 20.686540222168
 29.5522003173828
 20.686540222168
 28.6656343078613
 18.7656472015381
 25.710414276123
 22.7551942443848
 22.7551942443848
 20.686540222168
 19.7999742126465
 20.686540222168
 22.7551942443848
 15.8104271697998
 21.7208672332764
 21.7208672332764
 17.7313201904297
 27.6313072967529
 22.7551942443848
 17.7313201904297
 17.7313201904297
 11.8208801269531
 17.7313201904297
 23.6417602539063
 26.5969802856445
 16.8447541809082
 14.7761001586914
 18.7656472015381
 25.710414276123
 11.8208801269531
 15.8104271697998
 20.686540222168
 24.6760872650147
 28.6656343078613
 18.7656472015381
 15.8104271697998
 17.7313201904297
 9.89998710632324
 17.7313201904297
 23.6417602539063
 21.7208672332764
 13.741773147583
 17.7313201904297
 16.8447541809082
 20.686540222168
 19.7999742126465
 13.741773147583
 13.741773147583
 15.8104271697998
 18.7656472015381
 18.7656472015381
 18.7656472015381
 13.741773147583
 17.7313201904297
 14.7761001586914
 20.686540222168
 10.7865531158447
 9.89998710632324
 16.8447541809082
 16.8447541809082
 17.7313201904297
 7.83133308410645
 24.6760872650147
 15.8104271697998
 20.686540222168
 17.7313201904297
 18.7656472015381
 20.686540222168
 20.686540222168
 14.7761001586914
 15.8104271697998
 11.8208801269531
 15.8104271697998
 12.8552071380615
 18.7656472015381
 12.8552071380615
 11.8208801269531
 12.8552071380615
 15.8104271697998
 16.8447541809082
 15.8104271697998
 17.7313201904297
 15.8104271697998
 14.7761001586914
 12.8552071380615
 12.8552071380615
 13.741773147583
 13.741773147583
 11.8208801269531
 18.7656472015381
 16.8447541809082
 15.8104271697998
 25.710414276123
 8.86566009521484
 14.7761001586914
 14.7761001586914
 14.7761001586914
 11.8208801269531
 15.8104271697998
 14.7761001586914
 7.83133308410645
 16.8447541809082
 18.7656472015381
 21.7208672332764
 11.8208801269531
 6.94476707458496
 21.7208672332764
 14.7761001586914
 13.741773147583
 15.8104271697998
 14.7761001586914
 15.8104271697998
 14.7761001586914
 9.89998710632324
 13.741773147583
 17.7313201904297
 23.6417602539063
 12.8552071380615
 12.8552071380615
 13.741773147583
 12.8552071380615
 14.7761001586914
 11.8208801269531
 7.83133308410645
 15.8104271697998
 19.7999742126465
 14.7761001586914
 18.7656472015381
 20.686540222168
 12.8552071380615
 17.7313201904297
 16.8447541809082
 13.741773147583
 16.8447541809082
 23.6417602539063
 16.8447541809082
 14.7761001586914
 13.741773147583
 14.7761001586914
 16.8447541809082
 12.8552071380615
 14.7761001586914
 13.741773147583
 8.86566009521484
 13.741773147583
 13.741773147583
 11.8208801269531
 11.8208801269531
 16.8447541809082
 16.8447541809082
 11.8208801269531
 8.86566009521484
 16.8447541809082
 20.686540222168
 17.7313201904297
 15.8104271697998
 8.86566009521484
 15.8104271697998
 12.8552071380615
 15.8104271697998
 13.741773147583
 16.6969931793213
 14.7761001586914
 16.6969931793213
 23.6417602539063
 17.7313201904297
 19.7999742126465
 15.8104271697998
 21.7208672332764
 14.7761001586914
 15.8104271697998
 11.8208801269531
 16.6969931793213
 8.86566009521484
 16.6969931793213
 10.7865531158447
 13.741773147583
 10.7865531158447
 6.94476707458496
 10.7865531158447
 10.7865531158447
 7.83133308410645
 13.741773147583
 7.83133308410645
 12.8552071380615
 20.686540222168
 12.8552071380615
 10.7865531158447
 9.89998710632324
 13.741773147583
 8.86566009521484
 8.86566009521484
 11.8208801269531
 8.86566009521484
 12.8552071380615
 12.8552071380615
 8.86566009521484
 9.89998710632324
 8.86566009521484
 13.741773147583
 11.8208801269531
 10.7865531158447
 17.7313201904297
 10.7865531158447
 9.89998710632324
 8.86566009521484
 11.8208801269531
 8.86566009521484
 9.89998710632324
 8.86566009521484
 7.83133308410645
 10.7865531158447
 12.8552071380615
 13.741773147583
 9.89998710632324
 6.94476707458496
 14.7761001586914
 14.7761001586914
 11.8208801269531
 8.86566009521484
 7.83133308410645
 6.94476707458496
 11.8208801269531
 8.86566009521484
 7.83133308410645
 5.91044006347656
 6.94476707458496
 8.86566009521484
 9.89998710632324
 11.8208801269531
 5.91044006347656
 11.8208801269531
 11.8208801269531
 4.87611305236816
 8.86566009521484
 8.86566009521484
 14.7761001586914
 8.86566009521484
 6.94476707458496
 8.86566009521484
 9.89998710632324
 12.8552071380615
 6.94476707458496
 11.8208801269531
 11.8208801269531
 7.83133308410645
 6.94476707458496
 11.8208801269531
 8.86566009521484
 13.741773147583
 11.8208801269531
 13.741773147583
 10.7865531158447
 12.8552071380615
 13.741773147583
 9.89998710632324
 15.8104271697998
 13.741773147583
 18.7656472015381
 14.7761001586914
 15.8104271697998
 13.741773147583
 17.7313201904297
 16.6969931793213
 23.6417602539063
 20.686540222168
 19.7999742126465
 15.8104271697998
 17.7313201904297
 19.7999742126465
 22.7551942443848
 28.6656343078613
 22.7551942443848
 23.6417602539063
 25.710414276123
 19.7999742126465
 18.7656472015381
 21.7208672332764
 22.7551942443848
 23.6417602539063
 27.6313072967529
 20.686540222168
 17.7313201904297
 17.7313201904297
 20.686540222168
 18.7656472015381
 15.8104271697998
 15.8104271697998
 12.8552071380615
 13.741773147583
 11.8208801269531
 12.8552071380615
 11.8208801269531
 12.8552071380615
 10.7865531158447
 8.86566009521484
 9.89998710632324
 11.8208801269531
 2.95522003173828
 5.91044006347656
 6.94476707458496
 3.98954704284668
 5.91044006347656
 3.98954704284668
 4.87611305236816
 3.98954704284668
 6.94476707458496
 6.94476707458496
 6.94476707458496
 2.95522003173828
 5.91044006347656
 8.86566009521484
 0
 3.98954704284668
 2.95522003173828
 3.98954704284668
 5.91044006347656
 5.91044006347656
 3.98954704284668
 2.95522003173828
 3.98954704284668
 1.0343270111084
 7.83133308410645
 7.83133308410645
 6.94476707458496
 6.94476707458496
 7.83133308410645
 5.91044006347656
 2.95522003173828
 11.8208801269531
 12.8552071380615
 4.87611305236816
 8.86566009521484
 10.7865531158447
 11.8208801269531
 18.7656472015381
 8.86566009521484
 16.6969931793213
 10.7865531158447
 7.83133308410645
 12.8552071380615
 12.8552071380615
 12.8552071380615
 10.7865531158447
 13.741773147583
 9.89998710632324
 13.741773147583
 16.6969931793213
 15.8104271697998
 15.8104271697998
 19.7999742126465
 11.8208801269531
 17.7313201904297
 10.7865531158447
 25.710414276123
 16.6969931793213
 17.7313201904297
 21.7208672332764
 10.7865531158447
 13.741773147583
 12.8552071380615
 5.91044006347656
 12.8552071380615
 11.8208801269531
 8.86566009521484
 15.8104271697998
 8.86566009521484
 8.86566009521484
 7.83133308410645
 8.86566009521484
 9.89998710632324
 11.8208801269531
 9.89998710632324
 7.83133308410645
 10.7865531158447
 7.83133308410645
 3.98954704284668
 3.98954704284668
 3.98954704284668
 1.0343270111084
 6.94476707458496
 2.95522003173828
 1.92089302062988
 3.98954704284668
 4.87611305236816
 3.98954704284668
 1.92089302062988
 4.87611305236816
 1.92089302062988
 6.94476707458496
 6.94476707458496
 2.95522003173828
 2.95522003173828
 6.94476707458496
 1.92089302062988
 6.94476707458496
 7.83133308410645
 6.94476707458496
 2.95522003173828
 6.94476707458496
 8.86566009521484
 1.92089302062988
 9.89998710632324
 6.94476707458496
 4.87611305236816
 6.94476707458496
 8.86566009521484
 4.87611305236816
 7.83133308410645
 10.7865531158447
 3.98954704284668
 6.94476707458496
 5.91044006347656
 6.94476707458496
 6.94476707458496
 8.86566009521484
 6.94476707458496
 5.91044006347656
 4.87611305236816
 4.87611305236816
 5.91044006347656
 8.86566009521484
 13.741773147583
 7.83133308410645
 8.86566009521484
 5.91044006347656
 3.98954704284668
 5.91044006347656
 6.94476707458496
 6.94476707458496
 7.83133308410645
 4.87611305236816
 5.91044006347656
 4.87611305236816
 4.87611305236816
 2.95522003173828
 1.0343270111084
 3.98954704284668
 1.0343270111084
 4.87611305236816
 1.92089302062988
 2.95522003173828
 3.98954704284668
 4.87611305236816
 1.92089302062988
 3.98954704284668
 1.0343270111084
 0
 2.95522003173828
 3.98954704284668
 1.0343270111084
 1.92089302062988
 1.92089302062988
 1.0343270111084
 1.92089302062988
 1.0343270111084
 1.92089302062988
 4.87611305236816
 1.0343270111084
 4.87611305236816
 1.0343270111084
 1.0343270111084
 1.92089302062988
 2.95522003173828
 1.92089302062988
 1.92089302062988
 1.0343270111084
 1.0343270111084
 2.95522003173828
 2.95522003173828
 1.92089302062988
 1.0343270111084
 1.0343270111084
 2.95522003173828
 2.95522003173828
 1.92089302062988
 4.87611305236816
 3.98954704284668
 1.92089302062988
 1.0343270111084
 1.0343270111084
 1.92089302062988
 3.98954704284668
 0
 1.0343270111084
 1.92089302062988
 3.98954704284668
 1.92089302062988
 3.98954704284668
 3.98954704284668
 1.92089302062988
 1.92089302062988
 1.0343270111084
 1.0343270111084
 1.92089302062988
 2.95522003173828
 1.0343270111084
 3.98954704284668
 1.0343270111084
 2.95522003173828
 1.0343270111084
 2.95522003173828
 1.0343270111084
 0
 2.95522003173828
 1.92089302062988
 1.92089302062988
 2.95522003173828
 2.95522003173828
 0
 1.0343270111084
 4.87611305236816
 1.92089302062988
 1.92089302062988
 2.95522003173828
 0
 1.92089302062988
 1.0343270111084
 3.98954704284668
 1.0343270111084
 1.0343270111084
 0
 3.98954704284668
 3.98954704284668
 1.0343270111084
 1.92089302062988
 1.0343270111084
 1.92089302062988
 1.0343270111084
 3.98954704284668
 2.95522003173828
 1.92089302062988
 0
 0
 3.98954704284668
 1.92089302062988
 1.92089302062988
 0
 2.95522003173828
 2.95522003173828
 1.92089302062988
 5.91044006347656
 1.0343270111084
 1.0343270111084
 2.95522003173828
 2.95522003173828
 1.92089302062988
 2.95522003173828
 1.92089302062988
 0
 3.98954704284668
 2.95522003173828
 1.92089302062988
 2.95522003173828
 1.92089302062988
 1.92089302062988
 0
 1.92089302062988
 3.98954704284668
 1.92089302062988
 0
 3.98954704284668
 1.92089302062988
 2.95522003173828
 4.87611305236816
 1.92089302062988
 1.92089302062988
 1.0343270111084
 4.87611305236816
 1.92089302062988
 2.95522003173828
 2.95522003173828
 1.92089302062988
 3.98954704284668
 1.92089302062988
 1.0343270111084
 2.95522003173828
 0
 1.92089302062988
 0
 1.92089302062988
 1.92089302062988
 1.92089302062988
 1.92089302062988
 5.91044006347656
 2.95522003173828
 1.92089302062988
 1.0343270111084
 1.92089302062988
 1.92089302062988
 1.0343270111084
 2.95522003173828
 1.92089302062988
 2.95522003173828
 2.95522003173828
 1.0343270111084
 1.0343270111084
 1.92089302062988
 1.0343270111084
 0
 1.0343270111084
 1.92089302062988
 1.0343270111084
 2.95522003173828
 1.0343270111084
 4.87611305236816
 0
 0
 1.0343270111084
 2.95522003173828
 1.0343270111084
 1.92089302062988
 0
 4.87611305236816
 1.92089302062988
 0
 0
 2.95522003173828
 1.0343270111084
 1.0343270111084
 1.0343270111084
 1.92089302062988
 1.92089302062988
 1.92089302062988
 1.92089302062988
 1.0343270111084
 2.95522003173828
 1.0343270111084
 1.92089302062988
 0
 1.0343270111084
 1.92089302062988
 1.0343270111084
 1.92089302062988
 0
 0
 2.95522003173828
 1.0343270111084
 0
 1.0343270111084
 1.0343270111084
 2.95522003173828
 1.0343270111084
 0
 0
 1.0343270111084
 0
 1.92089302062988
 1.92089302062988
 1.0343270111084
 1.0343270111084
 1.0343270111084
 0
 0
 0
 0
 0
 0
 0
 1.92089302062988
 1.0343270111084
 1.0343270111084
 0
 0
 0
 0
 1.0343270111084
 0
 0
 1.0343270111084
 0
 0
 0
 0
 1.0343270111084
 1.0343270111084
 0
 0
 0
 0
 1.0343270111084
 0
 1.0343270111084
 0
 0
 2.95522003173828
 0
 0
 0
 1.0343270111084
 1.0343270111084
 0
 1.0343270111084
 0
 1.92089302062988
 0
 0
 0
 0
 0
 0
 0
 1.0343270111084
 0
 1.0343270111084
 0
 0
 1.0343270111084
 1.0343270111084
 1.0343270111084
 1.92089302062988
 0
 0
 1.0343270111084
