Berthold Technologies LB2045

Spektrum 

08.12.20  05:54:47

Probe: Am241 256 150s

Real Time[s]: 154,813
Live Time[s]: 150,48
DTL(%): 2,91
Energie:E256

------------------------------------
 95.8570305786133
 109.550892089844
 122.191379638672
 139.797773010254
 137.841507080078
 108.497518127441
 112.410049987793
 120.235113708496
 107.594626159668
 131.069817321777
 119.332221740723
 133.928975219727
 158.457540344238
 162.37007220459
 171.098027893066
 224.970581970215
 185.845263366699
 207.364188598633
 223.014316040039
 221.058050109863
 275.833496154785
 276.736388122559
 311.046282897949
 296.299047424316
 317.81797265625
 344.302803710938
 387.340654174805
 441.062726257324
 447.834416015625
 456.712853698731
 519.313363464355
 534.963490905762
 529.094693115234
 583.870139160156
 682.586327636719
 709.97405065918
 769.715402526856
 754.065275085449
 870.387856933594
 937.803790527344
 1044.49552471924
 1075.79577960205
 1123.64905389404
 1218.45271051025
 1244.93754156494
 1299.71298760986
 1389.70122039795
 1392.5603782959
 1398.42917608643
 1407.30761376953
 1410.16677166748
 1419.04520935059
 1451.24835620117
 1506.32476623535
 1558.99346435547
 1536.42116516113
 1619.18626220703
 1557.48864440918
 1650.7874810791
 1694.42725952148
 1695.93207946777
 1750.10559753418
 1771.17307678223
 1811.80321533203
 1819.32731506348
 1759.13451721191
 1825.34659484863
 1846.41407409668
 1887.04421264648
 1786.22127624512
 1756.12487731934
 1721.51401855469
 1870.4911932373
 1718.50437866211
 1799.76465576172
 1784.71645629883
 1811.80321533203
 1760.6393371582
 1778.69717651367
 1804.27911560059
 1923.15989135742
 1944.22737060547
 1909.61651184082
 2026.99246765137
 1935.19845092773
 2034.51656738281
 2096.21418518066
 2043.54548706055
 2111.26238464355
 2165.43590270996
 2148.88288330078
 2148.88288330078
 2245.19135986328
 2233.15280029297
 2339.99501647949
 2355.04321594238
 2382.12997497559
 2314.41307739258
 2428.77939331055
 2403.19745422363
 2448.3420526123
 2472.41917175293
 2473.92399169922
 2382.12997497559
 2421.2552935791
 2284.3166784668
 2129.32022399902
 2109.75756469727
 2023.98282775879
 1908.11169189453
 1778.69717651367
 1679.37906005859
 1495.79102661133
 1410.768699646
 1243.58320361328
 1133.12941955566
 1012.89430584717
 924.862338989258
 787.02083190918
 745.036355407715
 609.151114257813
 559.191092041016
 515.250349609375
 393.058969970703
 364.61787298584
 291.333141601562
 268.911324401855
 236.557695556641
 231.742271728516
 197.432376953125
 167.185496032715
 175.010559753418
 194.573219055176
 157.404166381836
 164.175856140137
 144.763678833008
 124.147645568848
 137.841507080078
 160.263324279785
 162.219590209961
 172.00091986084
 158.307058349609
 151.535368591309
 163.272964172363
 175.010559753418
 187.651047302246
 180.879357543945
 222.86383404541
 199.388642883301
 198.485750915527
 214.135878356934
 229.78600579834
 250.251557067871
 237.611069519043
 243.47986730957
 261.086260681152
 329.405086242676
 292.386515563965
 323.536288452148
 317.667490661621
 330.458460205078
 357.846183227539
 406.752831481934
 404.796565551758
 386.136798217773
 373.496310668945
 483.950094726563
 482.89672076416
 531.803369018555
 562.200731933594
 581.763391235352
 593.500986816406
 627.660399597168
 733.29875982666
 776.186128295898
 798.758427490234
 847.665075744629
 853.533873535156
 916.134383300781
 1037.27238897705
 1080.31023944092
 1135.08568548584
 1251.40826733398
 1303.17407348633
 1444.02522045898
 1516.85850585938
 1575.54648376465
 1781.70681640625
 1862.96709350586
 2087.18526550293
 2195.53230163574
 2407.7119140625
 2565.71800842285
 2890.75911682129
 3006.63025268555
 3345.21474060059
 3626.61607055664
 4032.91745605469
 4442.22848144531
 4786.83224914551
 5182.59989501953
 5783.02305358887
 6111.07380187988
 6709.99214050293
 7095.22604675293
 7683.61064575195
 8375.82782104492
 9048.48233703613
 9694.05009399414
 10508.1576849365
 10934.0217297363
 11850.4570770264
 12530.635692749
 13233.386607666
 13930.1182427979
 14402.6317059326
 15027.1319836426
 15740.4166381836
 16447.6820129395
 16688.4532043457
 17395.7185791016
 17410.7667785645
 17817.0681640625
 17952.5019592285
 18328.7069458008
 18193.2731506348
 17982.5983581543
 17786.9717651367
 17501.0559753418
 17154.9473876953
 16673.4050048828
 16267.1036193848
 15288.9706542969
 14878.15480896
 14172.3942541504
 13432.0228405762
 12581.7995709229
 11800.7980187988
 10983.6807879639
 10202.6792358398
 9298.28244812012
 8634.65685180664
 7755.84200317383
 6953.77297180176
 6136.6557409668
 5819.13873229981
 5033.62272033691
 4547.56587768555
 3789.13662475586
 3394.87379882813
 2905.80731628418
 2625.91080627441
 2254.22027954102
 1941.21773071289
 1596.6139630127
 1382.32760266113
 1211.3800567627
 1113.56676025391
 828.102416442871
 700.042239013672
 585.675923095703
 492.678050415039
 416.534161132812
 379.365108459473
 271.770482299805
 281.551811950684
 205.257440673828
 205.257440673828
 156.350792419434
 149.579102661133
 126.103911499023
 123.244753601074
 117.375955810547
 106.541252197266
 96.7599225463867
 81.1097951049805
 96.7599225463867
 107.594626159668
 88.9348588256836
 96.7599225463867
 95.8570305786133
 82.1631690673828
 97.8132965087891
 68.4693075561523
 95.8570305786133
 88.0319668579101
 86.0757009277344
 100.672454406738
 100.672454406738
 84.1194349975586
 97.8132965087891
 90.8911247558594
 93.9007646484375
 91.9444987182617
 101.725828369141
 115.419689880371
 101.725828369141
 86.9785928955078
 88.9348588256836
 88.0319668579101
 96.7599225463867
 102.628720336914
 128.060177429199
 130.016443359375
 98.7161884765625
 95.8570305786133
 90.8911247558594
 88.9348588256836
 96.7599225463867
 88.9348588256836
 97.8132965087891
 122.191379638672
 99.7695624389649
 94.8036566162109
 95.8570305786133
 106.541252197266
 112.410049987793
 122.191379638672
 135.885241149902
 108.497518127441
 105.638360229492
 124.147645568848
 107.594626159668
 111.356676025391
 110.453784057617
 103.682094299316
 118.27884777832
 122.191379638672
 101.725828369141
 104.58498626709
 111.356676025391
 90.8911247558594
 93.9007646484375
 95.8570305786133
 103.682094299316
 120.235113708496
 96.7599225463867
 89.9882327880859
 95.8570305786133
 100.672454406738
 113.312941955566
 81.1097951049805
 105.638360229492
 108.497518127441
 102.628720336914
 83.0660610351563
 93.9007646484375
 99.7695624389649
 93.9007646484375
 89.9882327880859
 90.8911247558594
 103.682094299316
 97.8132965087891
 99.7695624389649
 110.453784057617
 111.356676025391
 75.2409973144531
 110.453784057617
 94.8036566162109
 109.400410095215
 117.225473815918
 89.9882327880859
 95.8570305786133
 88.0319668579101
 114.366315917969
 119.181739746094
 104.58498626709
 80.206903137207
 102.628720336914
 99.7695624389649
 105.638360229492
 115.269207885742
 102.628720336914
 115.269207885742
 108.497518127441
 104.58498626709
 104.58498626709
 112.410049987793
 102.628720336914
 107.594626159668
 99.7695624389649
 109.400410095215
 98.7161884765625
 100.672454406738
 100.672454406738
 114.366315917969
 98.7161884765625
 97.8132965087891
 117.225473815918
 102.628720336914
 97.8132965087891
 107.594626159668
 114.366315917969
 96.7599225463867
 106.541252197266
 88.0319668579101
 86.0757009277344
 109.400410095215
 98.7161884765625
 89.9882327880859
 88.0319668579101
 94.8036566162109
 101.725828369141
 107.594626159668
 107.594626159668
 91.9444987182617
 95.8570305786133
 94.8036566162109
 88.0319668579101
 93.9007646484375
 93.9007646484375
 84.1194349975586
 86.0757009277344
 72.3818394165039
 77.1972632446289
 78.2506372070312
 89.9882327880859
 75.2409973144531
 93.9007646484375
 93.9007646484375
 84.1194349975586
 94.8036566162109
 95.8570305786133
 100.672454406738
 86.0757009277344
 95.8570305786133
 90.8911247558594
 92.8473906860352
 93.9007646484375
 89.9882327880859
 85.022326965332
 92.8473906860352
 82.1631690673828
 78.2506372070312
 85.022326965332
 85.022326965332
 83.0660610351563
 92.8473906860352
 78.2506372070312
 82.1631690673828
 91.9444987182617
 94.8036566162109
 97.8132965087891
 86.0757009277344
 88.9348588256836
 95.8570305786133
 88.0319668579101
 85.022326965332
 68.4693075561523
 91.9444987182617
 88.0319668579101
 73.2847313842773
 85.022326965332
 86.9785928955078
 76.2943712768555
 65.4596676635742
 78.2506372070312
 86.0757009277344
 89.9882327880859
 92.8473906860352
 95.8570305786133
 108.497518127441
 108.497518127441
 92.8473906860352
 71.3284654541016
 68.4693075561523
 85.022326965332
 106.541252197266
 75.2409973144531
 72.3818394165039
 81.1097951049805
 84.1194349975586
 80.206903137207
 75.2409973144531
 78.2506372070312
 70.4255734863281
 83.0660610351563
 77.1972632446289
 74.3381053466797
 75.2409973144531
 70.4255734863281
 78.2506372070312
 62.600509765625
 85.022326965332
 78.2506372070312
 74.3381053466797
 55.6783380126953
 48.9066482543945
 41.0815845336914
 51.7658061523437
 54.7754460449219
 47.8532742919922
 57.6346039428711
 52.8191801147461
 46.9503823242188
 48.9066482543945
 44.994116394043
 47.8532742919922
 39.1253186035156
 64.5567756958008
 43.9407424316406
 43.9407424316406
 35.2127867431641
 43.9407424316406
 34.1594127807617
 41.9844765014648
 41.9844765014648
 41.9844765014648
 39.1253186035156
 43.0378504638672
 39.1253186035156
 38.0719446411133
 38.0719446411133
 39.1253186035156
 33.2565208129883
 29.3439889526367
 38.0719446411133
 41.9844765014648
 33.2565208129883
 44.994116394043
 31.3002548828125
 32.2031468505859
 36.1156787109375
 34.1594127807617
 40.0282105712891
 30.2468809204102
 46.9503823242188
 35.2127867431641
 39.1253186035156
 31.3002548828125
 30.2468809204102
 33.2565208129883
 43.9407424316406
 45.8970083618164
 36.1156787109375
 34.1594127807617
 41.0815845336914
 39.1253186035156
 36.1156787109375
 25.4314570922852
 38.0719446411133
 40.0282105712891
 31.3002548828125
 39.1253186035156
 29.3439889526367
 32.2031468505859
 34.1594127807617
 33.2565208129883
 43.9407424316406
 43.9407424316406
 47.8532742919922
 36.1156787109375
 39.1253186035156
 32.2031468505859
 43.0378504638672
 23.4751911621094
 45.8970083618164
 24.3780831298828
 38.0719446411133
 36.1156787109375
 43.9407424316406
 37.1690526733398
 24.3780831298828
 29.3439889526367
 39.1253186035156
 40.0282105712891
 35.2127867431641
 31.3002548828125
 36.1156787109375
 25.4314570922852
 32.2031468505859
 23.4751911621094
 28.2906149902344
 47.8532742919922
 37.1690526733398
 29.3439889526367
 37.1690526733398
 23.4751911621094
 20.4655512695313
 37.1690526733398
 35.2127867431641
 44.994116394043
 35.2127867431641
 30.2468809204102
 25.4314570922852
 22.421817199707
 31.3002548828125
 33.2565208129883
 30.2468809204102
 22.421817199707
 27.3877230224609
 24.3780831298828
 35.2127867431641
 40.0282105712891
 36.1156787109375
 43.9407424316406
 31.3002548828125
 30.2468809204102
 17.606393371582
 36.1156787109375
 25.4314570922852
 40.0282105712891
 28.2906149902344
 35.2127867431641
 19.5626593017578
 35.2127867431641
 27.3877230224609
 15.6501274414062
 21.5189252319336
 23.4751911621094
 29.3439889526367
 43.9407424316406
 33.2565208129883
 24.3780831298828
 31.3002548828125
 36.1156787109375
 22.421817199707
 26.3343490600586
 29.3439889526367
 29.3439889526367
 31.3002548828125
 25.4314570922852
 27.3877230224609
 26.3343490600586
 27.3877230224609
 16.5530194091797
 31.3002548828125
 22.421817199707
 33.2565208129883
 40.0282105712891
 35.2127867431641
 31.3002548828125
 26.3343490600586
 32.2031468505859
 25.4314570922852
 36.1156787109375
 34.1594127807617
 36.1156787109375
 23.4751911621094
 28.2906149902344
 25.4314570922852
 25.4314570922852
 29.3439889526367
 27.3877230224609
 24.3780831298828
 29.3439889526367
 28.2906149902344
 19.5626593017578
 30.2468809204102
 30.2468809204102
 19.5626593017578
 23.4751911621094
 18.5092853393555
 26.3343490600586
 25.4314570922852
 31.3002548828125
 22.421817199707
 29.3439889526367
 18.5092853393555
 25.4314570922852
 29.3439889526367
 21.5189252319336
 28.2906149902344
 26.3343490600586
 43.9407424316406
 17.606393371582
 24.3780831298828
 28.2906149902344
 25.4314570922852
 31.3002548828125
 18.5092853393555
 31.3002548828125
 34.1594127807617
 23.4751911621094
 25.4314570922852
 28.2906149902344
 29.3439889526367
 36.1156787109375
 27.3877230224609
 29.3439889526367
 22.421817199707
 30.2468809204102
 21.5189252319336
 30.2468809204102
 19.5626593017578
 31.3002548828125
 29.3439889526367
 31.3002548828125
 32.2031468505859
 34.1594127807617
 32.2031468505859
 25.4314570922852
 27.3877230224609
 22.421817199707
 27.3877230224609
 21.5189252319336
 29.3439889526367
 25.4314570922852
 28.2906149902344
 24.3780831298828
 18.5092853393555
 37.1690526733398
 28.2906149902344
 21.5189252319336
 18.5092853393555
 31.3002548828125
 31.3002548828125
 27.3877230224609
 28.2906149902344
 34.1594127807617
 26.3343490600586
 30.2468809204102
 19.5626593017578
 24.3780831298828
 20.4655512695313
 23.4751911621094
 30.2468809204102
 28.2906149902344
 18.5092853393555
 24.3780831298828
 30.2468809204102
 28.2906149902344
 30.2468809204102
 24.3780831298828
 21.5189252319336
 23.4751911621094
 23.4751911621094
 24.3780831298828
 19.5626593017578
 24.3780831298828
 26.3343490600586
 23.4751911621094
 23.4751911621094
 20.4655512695313
 24.3780831298828
 24.3780831298828
 29.3439889526367
 29.3439889526367
 21.5189252319336
 18.5092853393555
 28.2906149902344
 15.6501274414062
 27.3877230224609
 22.421817199707
 26.3343490600586
 29.3439889526367
 30.2468809204102
 33.2565208129883
 25.4314570922852
 23.4751911621094
 25.4314570922852
 21.5189252319336
 28.2906149902344
 16.5530194091797
 32.2031468505859
 19.5626593017578
 20.4655512695313
 18.5092853393555
 26.3343490600586
 18.5092853393555
 29.3439889526367
 22.421817199707
 23.4751911621094
 20.4655512695313
 26.3343490600586
 16.5530194091797
 25.4314570922852
 27.3877230224609
 21.5189252319336
 29.3439889526367
 25.4314570922852
 21.5189252319336
 21.5189252319336
 26.3343490600586
 25.4314570922852
 23.4751911621094
 22.421817199707
 18.5092853393555
 23.4751911621094
 23.4751911621094
 18.5092853393555
 21.5189252319336
 19.5626593017578
 21.5189252319336
 26.3343490600586
 27.3877230224609
 23.4751911621094
 28.2906149902344
 25.4314570922852
 18.5092853393555
 26.3343490600586
 20.4655512695313
 22.421817199707
 28.2906149902344
 19.5626593017578
 15.6501274414062
 19.5626593017578
 30.2468809204102
 24.3780831298828
 20.4655512695313
 13.6938615112305
 29.3439889526367
 13.6938615112305
 22.421817199707
 13.6938615112305
 19.5626593017578
 21.5189252319336
 19.5626593017578
 31.3002548828125
 16.5530194091797
 26.3343490600586
 20.4655512695313
 27.3877230224609
 18.5092853393555
 26.3343490600586
 17.606393371582
 23.4751911621094
 22.421817199707
 19.5626593017578
 27.3877230224609
 14.5967534790039
 24.3780831298828
 29.3439889526367
 28.2906149902344
 16.5530194091797
 19.5626593017578
 23.4751911621094
 17.606393371582
 11.7375955810547
 20.4655512695313
 20.4655512695313
 16.5530194091797
 20.4655512695313
 22.421817199707
 23.4751911621094
 36.1156787109375
 29.3439889526367
 22.421817199707
 26.3343490600586
 16.5530194091797
 16.5530194091797
 25.4314570922852
 21.5189252319336
 20.4655512695313
 23.4751911621094
 32.2031468505859
 21.5189252319336
 15.6501274414062
 19.5626593017578
 24.3780831298828
 21.5189252319336
 21.5189252319336
 26.3343490600586
 12.6404875488281
 25.4314570922852
 15.6501274414062
 25.4314570922852
 23.4751911621094
 19.5626593017578
 21.5189252319336
 23.4751911621094
 25.4314570922852
 13.6938615112305
 27.3877230224609
 22.421817199707
 19.5626593017578
 24.3780831298828
 18.5092853393555
 15.6501274414062
 17.606393371582
 18.5092853393555
 14.5967534790039
 27.3877230224609
 20.4655512695313
 19.5626593017578
 15.6501274414062
 9.78132965087891
 20.4655512695313
 18.5092853393555
 19.5626593017578
 15.6501274414062
 14.5967534790039
 18.5092853393555
 12.6404875488281
 22.421817199707
 10.6842216186523
 11.7375955810547
 19.5626593017578
 19.5626593017578
 23.4751911621094
 26.3343490600586
 19.5626593017578
 19.5626593017578
 16.5530194091797
 28.2906149902344
 17.606393371582
 17.606393371582
 16.5530194091797
 22.421817199707
 22.421817199707
 23.4751911621094
 17.606393371582
 19.5626593017578
 19.5626593017578
 16.5530194091797
 17.606393371582
 19.5626593017578
 7.82506372070312
 20.4655512695313
 10.6842216186523
 20.4655512695313
 19.5626593017578
 15.6501274414062
 11.7375955810547
 16.5530194091797
 13.6938615112305
 14.5967534790039
 25.4314570922852
 17.606393371582
 18.5092853393555
 25.4314570922852
 9.78132965087891
 18.5092853393555
 11.7375955810547
 16.5530194091797
 13.6938615112305
 21.5189252319336
 16.5530194091797
 17.606393371582
 13.6938615112305
 13.6938615112305
 15.6501274414062
 16.5530194091797
 11.7375955810547
 11.7375955810547
 10.6842216186523
 16.5530194091797
 10.6842216186523
 14.5967534790039
 18.5092853393555
 14.5967534790039
 17.606393371582
 13.6938615112305
 15.6501274414062
 10.6842216186523
 9.78132965087891
 21.5189252319336
 18.5092853393555
 10.6842216186523
 5.86879779052734
 16.5530194091797
 13.6938615112305
 15.6501274414062
 10.6842216186523
 20.4655512695313
 13.6938615112305
 14.5967534790039
 16.5530194091797
 20.4655512695313
 8.72795568847656
 10.6842216186523
 15.6501274414062
 16.5530194091797
 8.72795568847656
 17.606393371582
 9.78132965087891
 15.6501274414062
 11.7375955810547
 16.5530194091797
 15.6501274414062
 13.6938615112305
 13.6938615112305
 7.82506372070312
 14.5967534790039
 15.6501274414062
 15.6501274414062
 13.6938615112305
 14.5967534790039
 7.82506372070312
 8.72795568847656
 13.6938615112305
 11.7375955810547
 14.5967534790039
 15.6501274414062
 10.6842216186523
 14.5967534790039
 12.6404875488281
 11.7375955810547
 13.6938615112305
 5.86879779052734
 9.78132965087891
 11.7375955810547
 11.7375955810547
 11.7375955810547
 11.7375955810547
 3.91253186035156
 13.6938615112305
 7.82506372070312
 16.5530194091797
 22.421817199707
 11.7375955810547
 11.7375955810547
 6.77168975830078
 8.72795568847656
 7.82506372070312
 7.82506372070312
 8.72795568847656
 13.6938615112305
 16.5530194091797
 18.5092853393555
 18.5092853393555
 5.86879779052734
 4.815423828125
 9.78132965087891
 11.7375955810547
 13.6938615112305
 10.6842216186523
 9.78132965087891
 6.77168975830078
 6.77168975830078
 13.6938615112305
 15.6501274414062
 9.78132965087891
 10.6842216186523
