Berthold Technologies LB2045

Spektrum 

08.12.20  03:01:35

Real Time[s]: 61,234
Live Time[s]: 59,76
DTL(%): 2,04
Energie:E256 

------------------------------------
 35.2560403060913
 39.199936340332
 33.3438482894897
 41.1718843574524
 41.1718843574524
 44.0999283828735
 41.1718843574524
 50.9718684425354
 37.2279883232117
 50.9718684425354
 39.199936340332
 50.9718684425354
 63.6998965530396
 63.6998965530396
 61.7279485359192
 59.8157565193176
 81.3279167060852
 78.3998726806641
 70.5718366127014
 76.4279246635437
 88.1998567657471
 95.0717968254089
 89.2157087745667
 109.771772953033
 94.1157008171081
 129.371741123199
 136.243681182861
 134.271733165741
 133.31563715744
 138.215629199982
 157.815597370148
 169.587529472351
 177.415565540314
 211.715509838104
 210.699657829285
 201.915525753021
 215.599649871826
 243.087410110474
 272.487362365723
 257.787386238098
 269.559318340302
 321.487282791138
 369.471351207733
 379.331091293335
 384.231083335876
 411.659087574005
 420.443219650269
 458.6870599823
 430.243203735352
 460.65900799942
 449.843171905518
 452.830971931458
 476.315080135345
 476.315080135345
 475.358984127045
 478.287028152466
 504.758936382294
 529.258896595001
 519.458912509918
 459.643155990601
 510.615024433136
 545.930820739746
 578.258817020416
 507.686980407715
 558.65884885025
 584.114905071259
 598.157565193176
 575.330772994995
 628.035565452576
 562.602744884491
 586.086853088379
 543.958872722626
 589.074653114319
 567.502736927033
 566.486884918213
 647.157485618591
 567.502736927033
 600.547805213928
 583.158809062958
 649.547725639343
 616.681925354004
 590.03074912262
 662.694045753479
 650.742845649719
 698.547646064758
 627.438005447388
 662.694045753479
 713.486646194458
 734.998806381226
 736.193926391602
 709.303726158142
 731.413446350098
 727.230526313782
 788.181646842957
 776.230446739197
 765.474366645813
 829.413287200928
 794.754806900025
 864.669327507019
 875.425407600403
 858.693727455139
 883.193687667847
 922.035088005066
 905.90096786499
 944.742368202209
 976.413048477173
 843.157167320251
 853.913247413635
 859.291287460327
 802.523086967468
 841.962047309876
 795.9499269104
 727.230526313782
 673.450125846863
 676.437925872803
 632.218485488892
 565.530788909912
 541.030828697205
 438.130995803833
 466.515096050262
 394.03106742096
 328.3592228508
 308.759254680634
 235.199618041992
 225.399633956909
 178.371661548614
 164.68753742981
 142.099769233704
 119.571757038116
 129.371741123199
 81.3279167060852
 73.4998806381226
 69.6157406044006
 71.5279326210022
 69.6157406044006
 69.6157406044006
 45.0560243911743
 42.1279803657532
 58.799904510498
 51.9279644508362
 50.9718684425354
 43.1438323745728
 42.1279803657532
 51.9279644508362
 48.999920425415
 52.9438164596558
 64.7157485618591
 66.6279405784607
 55.8718604850769
 60.7718525276184
 55.8718604850769
 58.799904510498
 71.5279326210022
 75.4718286552429
 78.3998726806641
 80.3718206977844
 82.3437687149048
 80.3718206977844
 76.4279246635437
 86.2279087486267
 99.9717888679504
 89.2157087745667
 108.815676944733
 100.927884876251
 108.815676944733
 104.871780910492
 118.615661029816
 105.827876918793
 128.415645114899
 145.027813259125
 171.499721488953
 148.971709293365
 157.815597370148
 175.443617523193
 198.9874817276
 209.504537818909
 212.492337844849
 233.048402023315
 256.532510227203
 248.704474159241
 255.516658218384
 284.916610473633
 269.260538337708
 323.100694805145
 331.944582881927
 359.312831119537
 383.812791332245
 420.024927646637
 450.380975910187
 474.880936122894
 522.86500453949
 530.693040607452
 540.493024692535
 591.405137134552
 702.133006095886
 758.901206588745
 803.120646972656
 872.437607574463
 919.644847984314
 992.547168617249
 1095.32748950958
 1135.96156986237
 1299.09545127869
 1317.61981143951
 1461.63177268982
 1621.18029407501
 1786.70441551208
 1859.60673614502
 1985.69189723968
 2144.0452986145
 2381.27662067413
 2534.84954200745
 2755.34918392181
 2953.73910564423
 3203.51918781281
 3373.22622928619
 3592.53075119019
 3782.55483283997
 4102.24943561554
 4365.77339790344
 4546.23651947022
 4739.84596115112
 4905.3700825882
 5015.91868354797
 5229.24760540009
 5397.7595268631
 5537.58856807709
 5627.82012886047
 5748.52724990845
 5686.3810093689
 5854.29537082672
 5911.66113132477
 5843.53929073334
 5906.88065128326
 5748.52724990845
 5599.73480861664
 5479.02768756866
 5345.77180641174
 5142.00384464264
 4959.15048305511
 4641.2485602951
 4465.56591876984
 4123.76159580231
 4057.43243522644
 3637.34775157928
 3504.09187042236
 3206.50698783874
 3078.03158672333
 2778.65402412415
 2521.10566188812
 2289.25237987518
 2000.0333373642
 1737.10693508148
 1628.94857414246
 1464.02201271057
 1252.48577087402
 1090.54700946808
 981.791088523865
 808.498687019348
 751.730486526489
 570.789316955566
 526.749144573212
 461.137056003571
 396.540819442749
 335.828722915649
 282.944662456512
 231.076454006195
 213.448433853149
 177.236297538757
 146.880249275208
 112.580304977417
 100.868128875732
 91.0681447906494
 83.2401087226868
 64.5962365608215
 58.7401485099793
 60.7120965270996
 48.9401644248962
 40.1560323486328
 24.4999602127075
 37.2279883232117
 33.284092288971
 44.0401723823547
 30.3560482635498
 34.2401882972717
 22.5280121955872
 24.4999602127075
 33.284092288971
 27.4280042381287
 39.1401803398132
 38.1840843315125
 32.3279962806702
 38.1840843315125
 27.4280042381287
 44.0401723823547
 33.284092288971
 36.2121363143921
 30.3560482635498
 29.399952255249
 27.4280042381287
 29.399952255249
 30.3560482635498
 29.399952255249
 42.1279803657532
 42.1279803657532
 36.2121363143921
 24.4999602127075
 34.2401882972717
 29.399952255249
 40.1560323486328
 36.2121363143921
 30.3560482635498
 25.4560562210083
 35.2560403060913
 34.2401882972717
 27.4280042381287
 27.4280042381287
 48.9401644248962
 29.399952255249
 40.1560323486328
 27.4280042381287
 42.1279803657532
 39.1401803398132
 38.1840843315125
 28.3841002464294
 42.1279803657532
 30.3560482635498
 39.1401803398132
 22.5280121955872
 50.9121124420166
 49.9560164337158
 28.3841002464294
 43.084076374054
 28.3841002464294
 35.2560403060913
 50.9121124420166
 42.1279803657532
 28.3841002464294
 41.1121283569336
 36.2121363143921
 31.3121442718506
 25.4560562210083
 36.2121363143921
 29.399952255249
 38.1840843315125
 39.1401803398132
 31.3121442718506
 33.284092288971
 37.2279883232117
 28.3841002464294
 29.399952255249
 34.2401882972717
 36.2121363143921
 45.0560243911743
 30.3560482635498
 42.1279803657532
 31.3121442718506
 41.1121283569336
 32.3279962806702
 30.3560482635498
 38.1840843315125
 31.3121442718506
 37.2279883232117
 34.2401882972717
 36.2121363143921
 37.2279883232117
 33.284092288971
 36.2121363143921
 37.2279883232117
 26.4121522293091
 45.0560243911743
 23.4841082038879
 30.3560482635498
 22.5280121955872
 40.1560323486328
 32.3279962806702
 42.1279803657532
 34.2401882972717
 37.2279883232117
 43.084076374054
 28.3841002464294
 23.4841082038879
 33.284092288971
 21.5121601867676
 30.3560482635498
 36.2121363143921
 34.2401882972717
 38.1840843315125
 28.3841002464294
 37.2279883232117
 29.399952255249
 32.3279962806702
 33.284092288971
 34.2401882972717
 35.2560403060913
 43.084076374054
 33.284092288971
 29.399952255249
 38.1840843315125
 34.2401882972717
 34.2401882972717
 33.284092288971
 23.4841082038879
 52.884060459137
 42.1279803657532
 27.4280042381287
 45.0560243911743
 27.4280042381287
 36.2121363143921
 30.3560482635498
 38.1840843315125
 29.399952255249
 38.1840843315125
 33.284092288971
 30.3560482635498
 26.4121522293091
 36.2121363143921
 38.1840843315125
 46.0121203994751
 38.1840843315125
 27.4280042381287
 28.3841002464294
 31.3121442718506
 27.4280042381287
 35.2560403060913
 26.4121522293091
 33.284092288971
 33.284092288971
 37.2279883232117
 31.3121442718506
 32.3279962806702
 44.0401723823547
 22.5280121955872
 31.3121442718506
 27.4280042381287
 23.4841082038879
 36.2121363143921
 31.3121442718506
 32.2682402801514
 43.0243203735352
 26.4121522293091
 20.5560641784668
 25.4560562210083
 35.1962843055725
 36.2121363143921
 30.3560482635498
 29.3401962547302
 24.4402042121887
 37.1682323226929
 28.3841002464294
 34.2401882972717
 26.4121522293091
 30.3560482635498
 30.3560482635498
 26.4121522293091
 28.3841002464294
 31.3121442718506
 30.3560482635498
 30.3560482635498
 27.3682482376099
 28.3841002464294
 37.1682323226929
 23.4841082038879
 26.4121522293091
 19.5402121696472
 39.1401803398132
 30.3560482635498
 35.1962843055725
 28.3841002464294
 28.3841002464294
 39.1401803398132
 28.3841002464294
 43.0243203735352
 37.1682323226929
 24.4402042121887
 29.3401962547302
 32.2682402801514
 24.4402042121887
 27.3682482376099
 27.3682482376099
 26.4121522293091
 34.2401882972717
 33.284092288971
 17.6280201530457
 28.3841002464294
 25.4560562210083
 15.6560721359253
 37.1682323226929
 29.3401962547302
 14.6999761276245
 26.4121522293091
 32.2682402801514
 26.4121522293091
 33.284092288971
 19.5402121696472
 24.4402042121887
 20.5560641784668
 16.6121681442261
 20.5560641784668
 24.4402042121887
 21.5121601867676
 17.6280201530457
 19.5402121696472
 23.4841082038879
 28.3841002464294
 24.4402042121887
 30.3560482635498
 12.7280281105042
 18.5841161613464
 15.6560721359253
 19.5402121696472
 23.4841082038879
 20.5560641784668
 15.6560721359253
 14.6999761276245
 27.3682482376099
 22.5280121955872
 21.5121601867676
 15.6560721359253
 33.284092288971
 19.5402121696472
 18.5841161613464
 9.79998408508301
 14.6999761276245
 20.5560641784668
 16.6121681442261
 12.7280281105042
 12.7280281105042
 20.5560641784668
 19.5402121696472
 23.4841082038879
 13.6841241188049
 17.6280201530457
 19.5402121696472
 14.6999761276245
 26.4121522293091
 15.6560721359253
 11.7121761016846
 15.6560721359253
 18.5841161613464
 14.6999761276245
 17.6280201530457
 15.6560721359253
 13.6841241188049
 15.6560721359253
 8.78413207626343
 15.6560721359253
 13.6841241188049
 14.6999761276245
 19.5402121696472
 24.4402042121887
 12.7280281105042
 15.6560721359253
 15.6560721359253
 17.6280201530457
 18.5841161613464
 9.79998408508301
 17.6280201530457
 13.6841241188049
 10.7560800933838
 18.5841161613464
 15.6560721359253
 12.7280281105042
 17.6280201530457
 13.6841241188049
 13.6841241188049
 11.7121761016846
 17.6280201530457
 9.79998408508301
 20.5560641784668
 15.6560721359253
 15.6560721359253
 17.6280201530457
 18.5841161613464
 12.7280281105042
 12.7280281105042
 15.6560721359253
 20.5560641784668
 15.6560721359253
 17.6280201530457
 13.6841241188049
 17.6280201530457
 14.6999761276245
 16.6121681442261
 17.6280201530457
 22.5280121955872
 15.6560721359253
 18.5841161613464
 14.6999761276245
 17.6280201530457
 6.87194005966187
 15.6560721359253
 22.5280121955872
 10.7560800933838
 12.7280281105042
 14.6999761276245
 9.79998408508301
 15.6560721359253
 11.7121761016846
 14.6999761276245
 12.7280281105042
 14.6999761276245
 13.6841241188049
 15.6560721359253
 17.6280201530457
 16.6121681442261
 7.82803606796265
 19.5402121696472
 11.7121761016846
 19.5402121696472
 18.5841161613464
 18.5841161613464
 12.7280281105042
 10.7560800933838
 13.6841241188049
 15.6560721359253
 11.7121761016846
 9.79998408508301
 12.7280281105042
 16.6121681442261
 11.7121761016846
 16.6121681442261
 14.6999761276245
 9.79998408508301
 13.6841241188049
 10.7560800933838
 10.7560800933838
 15.6560721359253
 17.6280201530457
 16.6121681442261
 12.7280281105042
 7.82803606796265
 10.7560800933838
 21.5121601867676
 9.79998408508301
 19.5402121696472
 11.7121761016846
 14.6999761276245
 8.78413207626343
 12.7280281105042
 12.7280281105042
 11.7121761016846
 12.7280281105042
 15.6560721359253
 13.6841241188049
 13.6841241188049
 12.7280281105042
 14.6999761276245
 13.6841241188049
 14.6999761276245
 12.7280281105042
 15.6560721359253
 18.5841161613464
 20.5560641784668
 12.7280281105042
 15.6560721359253
 17.6280201530457
 13.6841241188049
 9.79998408508301
 11.7121761016846
 9.79998408508301
 21.5121601867676
 16.6121681442261
 9.79998408508301
 13.6841241188049
 14.6999761276245
 8.78413207626343
 12.7280281105042
 9.79998408508301
 9.79998408508301
 9.79998408508301
 14.6999761276245
 10.7560800933838
 10.7560800933838
 10.7560800933838
 17.6280201530457
 12.7280281105042
 11.7121761016846
 10.7560800933838
 11.7121761016846
 8.78413207626343
 19.5402121696472
 13.6841241188049
 14.6999761276245
 14.6999761276245
 12.7280281105042
 16.6121681442261
 9.79998408508301
 14.6999761276245
 15.6560721359253
 6.87194005966187
 5.85608805084229
 9.79998408508301
 12.7280281105042
 9.79998408508301
 13.6841241188049
 12.7280281105042
 8.78413207626343
 9.79998408508301
 9.79998408508301
 13.6841241188049
 21.5121601867676
 13.6841241188049
 5.85608805084229
 13.6841241188049
 13.6841241188049
 8.78413207626343
 6.87194005966187
 13.6841241188049
 10.7560800933838
 16.6121681442261
 14.6402201271057
 19.5402121696472
 10.7560800933838
 4.8999920425415
 10.7560800933838
 18.5841161613464
 9.79998408508301
 9.79998408508301
 12.7280281105042
 4.8999920425415
 6.87194005966187
 12.7280281105042
 12.7280281105042
 12.7280281105042
 8.78413207626343
 12.7280281105042
 5.85608805084229
 8.78413207626343
 9.79998408508301
 13.6841241188049
 7.82803606796265
 11.7121761016846
 12.7280281105042
 15.6560721359253
 6.87194005966187
 11.7121761016846
 14.6402201271057
 6.87194005966187
 7.82803606796265
 6.87194005966187
 8.78413207626343
 10.7560800933838
 8.78413207626343
 6.87194005966187
 7.82803606796265
 6.87194005966187
 16.6121681442261
 17.5682641525269
 14.6402201271057
 16.6121681442261
 15.6560721359253
 9.79998408508301
 18.5841161613464
 12.7280281105042
 7.82803606796265
 13.6841241188049
 7.82803606796265
 9.79998408508301
 9.79998408508301
 4.8999920425415
 12.7280281105042
 6.87194005966187
 6.87194005966187
 11.7121761016846
 10.7560800933838
 9.79998408508301
 10.7560800933838
 11.7121761016846
 11.7121761016846
 8.78413207626343
 12.7280281105042
 8.78413207626343
 9.79998408508301
 12.7280281105042
 8.78413207626343
 17.5682641525269
 5.85608805084229
 6.87194005966187
 13.6841241188049
 8.78413207626343
 12.7280281105042
 9.79998408508301
 13.6841241188049
 10.7560800933838
 12.7280281105042
 16.6121681442261
 9.79998408508301
 12.7280281105042
 19.5402121696472
 11.7121761016846
 16.6121681442261
 8.78413207626343
 11.7121761016846
 13.6841241188049
 6.87194005966187
 8.78413207626343
 13.6841241188049
 11.7121761016846
 15.6560721359253
 12.7280281105042
 5.85608805084229
 12.7280281105042
 12.7280281105042
 6.87194005966187
 11.7121761016846
 10.7560800933838
 8.78413207626343
 12.7280281105042
 8.78413207626343
 20.5560641784668
 7.82803606796265
 14.6402201271057
 8.78413207626343
 18.5841161613464
 8.78413207626343
 6.87194005966187
 7.82803606796265
 10.7560800933838
 6.87194005966187
 10.7560800933838
 8.78413207626343
 14.6402201271057
 10.7560800933838
 14.6402201271057
 9.79998408508301
 7.82803606796265
 10.7560800933838
 9.79998408508301
 9.79998408508301
 9.79998408508301
 9.79998408508301
 9.79998408508301
 10.7560800933838
 8.78413207626343
 9.79998408508301
 18.5841161613464
 11.7121761016846
 14.6402201271057
 12.7280281105042
 15.6560721359253
 8.78413207626343
 8.78413207626343
 12.7280281105042
 14.6402201271057
 5.85608805084229
 15.6560721359253
 10.7560800933838
 17.5682641525269
 14.6402201271057
 4.8999920425415
 10.7560800933838
 8.78413207626343
 7.82803606796265
 14.6402201271057
 4.8999920425415
 11.7121761016846
 12.7280281105042
 7.82803606796265
 12.7280281105042
 14.6402201271057
 10.7560800933838
 12.7280281105042
 15.6560721359253
 8.78413207626343
 6.87194005966187
 16.6121681442261
 6.87194005966187
 9.79998408508301
 10.7560800933838
 8.78413207626343
 10.7560800933838
 12.7280281105042
 8.78413207626343
 7.82803606796265
 9.79998408508301
 13.6841241188049
 12.7280281105042
 6.87194005966187
 9.79998408508301
 9.79998408508301
 11.7121761016846
 11.7121761016846
 6.87194005966187
 8.78413207626343
 6.87194005966187
 5.85608805084229
 8.78413207626343
 9.79998408508301
 14.6402201271057
 13.6841241188049
 5.85608805084229
 5.85608805084229
 10.7560800933838
 4.8999920425415
 14.6402201271057
 9.79998408508301
 8.78413207626343
 9.79998408508301
 8.78413207626343
 9.79998408508301
 6.87194005966187
 6.87194005966187
 2.92804402542114
 8.78413207626343
 3.88414003372192
 7.82803606796265
 10.7560800933838
 4.8999920425415
 8.78413207626343
 11.7121761016846
 10.7560800933838
 12.7280281105042
 15.6560721359253
 6.87194005966187
 13.6841241188049
 3.88414003372192
 8.78413207626343
 7.82803606796265
 13.6841241188049
 11.7121761016846
 11.7121761016846
 9.79998408508301
 7.82803606796265
 7.82803606796265
 10.7560800933838
 12.7280281105042
 7.82803606796265
 8.78413207626343
 5.85608805084229
 4.8999920425415
 7.82803606796265
 8.78413207626343
 9.79998408508301
 9.79998408508301
 3.88414003372192
 5.85608805084229
 11.7121761016846
 7.82803606796265
 9.79998408508301
 4.8999920425415
 6.87194005966187
 7.82803606796265
 13.6841241188049
 3.88414003372192
 6.87194005966187
 6.87194005966187
 9.74022808456421
 6.81218405914307
 10.7560800933838
 4.8999920425415
 4.8999920425415
 3.88414003372192
 8.78413207626343
 6.81218405914307
 8.78413207626343
 9.74022808456421
 6.81218405914307
 2.92804402542114
 11.7121761016846
 4.8999920425415
 1.97194801712036
 6.81218405914307
 4.8999920425415
 9.74022808456421
 6.81218405914307
 6.81218405914307
 .956096008300781
 7.82803606796265
 8.78413207626343
 5.85608805084229
 6.81218405914307
 12.7280281105042
 11.7121761016846
 3.88414003372192
 10.7560800933838
 2.92804402542114
 9.74022808456421
 4.8999920425415
 8.78413207626343
 6.81218405914307
 6.81218405914307
 3.88414003372192
 2.92804402542114
 7.82803606796265
 5.85608805084229
 5.85608805084229
 4.8999920425415
 3.88414003372192
 8.78413207626343
 7.82803606796265
 7.82803606796265
 5.85608805084229
 3.88414003372192
 3.88414003372192
 3.88414003372192
 3.88414003372192
 5.85608805084229
 3.88414003372192
 5.85608805084229
 15.6560721359253
 6.81218405914307
 5.85608805084229
 6.81218405914307
 6.81218405914307
 5.85608805084229
 4.8999920425415
 4.8999920425415
 5.85608805084229
 3.88414003372192
 6.81218405914307
 12.7280281105042
 2.92804402542114
 3.88414003372192
 6.81218405914307
 3.88414003372192
 4.8999920425415
 5.85608805084229
 9.74022808456421
 2.92804402542114
 5.85608805084229
 10.7560800933838
 3.88414003372192
 4.8999920425415
