Berthold Technologies LB2045

Spektrum 

08.12.20  04:36:43

Probe: Kalibriermessung Cs137

Real Time[s]: 9,125
Live Time[s]: 9,01
DTL(%): 9,93
Energie:E1024

------------------------------------
 0
 0
 0
 0
 0
 0
 0
 0
 .990769996643066
 0
 0
 0
 0
 0
 0
 0
 0
 0
 0
 0
 .990769996643066
 1.97253299331665
 11.8442049598694
 20.7251069297791
 20.7251069297791
 21.7158769264221
 26.6517129096985
 24.6791799163818
 32.5693118896484
 36.5233848762512
 26.6517129096985
 31.5875488929749
 43.4317538528442
 43.4317538528442
 53.303425819397
 76.9918357391357
 87.8452707023621
 110.515889625549
 150.056619491577
 163.837329444885
 185.544199371338
 196.442669334412
 193.470359344482
 193.470359344482
 140.148919525146
 126.368209571838
 122.405129585266
 96.7351796722412
 77.9826057357788
 59.2210247993469
 48.3675898361206
 50.3401228294373
 46.395056842804
 59.2210247993469
 28.6242459030151
 40.4684508628845
 33.5600818862915
 28.6242459030151
 34.5508518829346
 35.5326148796082
 41.4592208595276
 32.5693118896484
 27.6334759063721
 31.5875488929749
 31.5875488929749
 31.5875488929749
 23.6884099197388
 35.5326148796082
 35.5326148796082
 33.5600818862915
 36.5233848762512
 35.5326148796082
 37.5051478729248
 37.5051478729248
 28.6242459030151
 38.4959178695679
 35.5326148796082
 33.5600818862915
 40.4684508628845
 38.4959178695679
 27.6334759063721
 38.4959178695679
 39.4866878662109
 35.5326148796082
 39.4866878662109
 35.5326148796082
 26.6517129096985
 38.4959178695679
 42.4409838562012
 43.4317538528442
 38.4959178695679
 34.5508518829346
 38.4959178695679
 28.6242459030151
 29.6150158996582
 34.5508518829346
 35.5326148796082
 32.5693118896484
 31.5875488929749
 40.4684508628845
 33.5600818862915
 36.5233848762512
 23.6884099197388
 40.4684508628845
 53.303425819397
 37.5051478729248
 29.6150158996582
 32.5693118896484
 40.4684508628845
 36.5233848762512
 35.5326148796082
 29.6150158996582
 26.6517129096985
 30.5967788963318
 47.3768198394775
 36.5233848762512
 42.4409838562012
 24.6791799163818
 40.4684508628845
 33.5600818862915
 29.6150158996582
 41.4592208595276
 35.5326148796082
 33.5600818862915
 33.5600818862915
 33.5600818862915
 32.5693118896484
 32.5693118896484
 39.4866878662109
 50.3401228294373
 33.5600818862915
 34.5508518829346
 34.5508518829346
 35.5326148796082
 27.6334759063721
 39.4866878662109
 34.5508518829346
 32.5693118896484
 40.4684508628845
 35.5326148796082
 33.5600818862915
 25.6609429130554
 32.5693118896484
 34.5508518829346
 38.4959178695679
 40.4684508628845
 33.5600818862915
 34.5508518829346
 46.395056842804
 44.4225238494873
 29.6150158996582
 42.4409838562012
 39.4866878662109
 33.5600818862915
 34.5508518829346
 26.6517129096985
 32.5693118896484
 40.4684508628845
 35.5326148796082
 33.5600818862915
 33.5600818862915
 33.5600818862915
 39.4866878662109
 41.4592208595276
 28.6242459030151
 37.5051478729248
 27.6334759063721
 42.4409838562012
 37.5051478729248
 26.6517129096985
 32.5693118896484
 37.5051478729248
 23.6884099197388
 36.5233848762512
 44.4225238494873
 31.5875488929749
 23.6884099197388
 33.5600818862915
 24.6791799163818
 33.5600818862915
 39.4866878662109
 37.5051478729248
 37.5051478729248
 25.6609429130554
 27.6334759063721
 31.5875488929749
 26.6517129096985
 32.5693118896484
 28.6242459030151
 35.5326148796082
 31.5875488929749
 35.5326148796082
 32.5693118896484
 33.5600818862915
 37.5051478729248
 34.5508518829346
 29.6150158996582
 41.4592208595276
 37.5051478729248
 46.395056842804
 27.6334759063721
 40.4684508628845
 30.5967788963318
 46.395056842804
 39.4866878662109
 42.4409838562012
 41.4592208595276
 32.5693118896484
 41.4592208595276
 34.5508518829346
 43.4317538528442
 33.5600818862915
 51.3308928260803
 39.4866878662109
 36.5233848762512
 37.5051478729248
 37.5051478729248
 43.4317538528442
 29.6150158996582
 43.4317538528442
 44.4225238494873
 35.5326148796082
 40.4684508628845
 31.5875488929749
 52.3126558227539
 46.395056842804
 37.5051478729248
 36.5233848762512
 44.4225238494873
 42.4409838562012
 29.6150158996582
 32.5693118896484
 42.4409838562012
 40.4684508628845
 40.4684508628845
 43.4317538528442
 39.4866878662109
 36.5233848762512
 37.5051478729248
 41.4592208595276
 41.4592208595276
 26.6517129096985
 37.5051478729248
 33.5600818862915
 30.5967788963318
 39.4866878662109
 37.5051478729248
 30.5967788963318
 37.5051478729248
 38.4959178695679
 37.5051478729248
 28.6242459030151
 34.5508518829346
 34.5508518829346
 39.4866878662109
 28.6242459030151
 33.5600818862915
 31.5875488929749
 27.6334759063721
 28.6242459030151
 33.5600818862915
 31.5875488929749
 28.6242459030151
 24.6791799163818
 27.6334759063721
 33.5600818862915
 31.5875488929749
 24.6791799163818
 27.6334759063721
 28.6242459030151
 30.5967788963318
 34.5508518829346
 34.5508518829346
 29.6150158996582
 25.6609429130554
 29.6150158996582
 30.5967788963318
 28.6242459030151
 37.5051478729248
 36.5233848762512
 28.6242459030151
 28.6242459030151
 28.6242459030151
 21.7158769264221
 44.4225238494873
 31.5875488929749
 26.6517129096985
 32.5693118896484
 24.6791799163818
 27.6334759063721
 35.5326148796082
 29.6150158996582
 24.6791799163818
 38.4959178695679
 28.6242459030151
 21.7158769264221
 24.6791799163818
 19.7433439331055
 20.7251069297791
 21.7158769264221
 25.6609429130554
 31.5875488929749
 24.6791799163818
 23.6884099197388
 29.6150158996582
 31.5875488929749
 26.6517129096985
 18.7525739364624
 30.5967788963318
 29.6150158996582
 33.5600818862915
 33.5600818862915
 36.5233848762512
 25.6609429130554
 24.6791799163818
 24.6791799163818
 27.6334759063721
 23.6884099197388
 32.5693118896484
 22.7066469230652
 28.6242459030151
 30.5967788963318
 27.6334759063721
 21.7158769264221
 30.5967788963318
 22.7066469230652
 24.6791799163818
 27.6334759063721
 17.7708109397888
 27.6334759063721
 18.7525739364624
 31.5875488929749
 24.6791799163818
 27.6334759063721
 31.5875488929749
 23.6884099197388
 18.7525739364624
 24.6791799163818
 26.6517129096985
 15.7892709465027
 20.7251069297791
 27.6334759063721
 16.7800409431458
 17.7708109397888
 27.6334759063721
 28.6242459030151
 26.6517129096985
 22.7066469230652
 27.6334759063721
 23.6884099197388
 30.5967788963318
 18.7525739364624
 25.6609429130554
 23.6884099197388
 17.7708109397888
 28.6242459030151
 25.6609429130554
 37.5051478729248
 19.7433439331055
 25.6609429130554
 23.6884099197388
 22.7066469230652
 20.7251069297791
 21.7158769264221
 24.6791799163818
 23.6884099197388
 30.5967788963318
 27.6334759063721
 19.7433439331055
 20.7251069297791
 23.6884099197388
 17.7708109397888
 21.7158769264221
 25.6609429130554
 22.7066469230652
 22.7066469230652
 23.6884099197388
 19.7433439331055
 14.8075079498291
 26.6517129096985
 15.7892709465027
 32.5693118896484
 12.8349749565125
 13.816737953186
 23.6884099197388
 23.6884099197388
 16.7800409431458
 21.7158769264221
 19.7433439331055
 10.8534349632263
 21.7158769264221
 18.7525739364624
 19.7433439331055
 22.7066469230652
 20.7251069297791
 15.7892709465027
 25.6609429130554
 21.7158769264221
 24.6791799163818
 12.8349749565125
 23.6884099197388
 18.7525739364624
 22.7066469230652
 18.7525739364624
 21.7158769264221
 10.8534349632263
 21.7158769264221
 20.7251069297791
 26.6517129096985
 22.7066469230652
 21.7158769264221
 14.8075079498291
 15.7892709465027
 17.7708109397888
 16.7800409431458
 10.8534349632263
 12.8349749565125
 20.7251069297791
 12.8349749565125
 12.8349749565125
 15.7892709465027
 12.8349749565125
 16.7800409431458
 15.7892709465027
 15.7892709465027
 11.8442049598694
 8.88090196990967
 12.8349749565125
 17.7708109397888
 15.7892709465027
 17.7708109397888
 12.8349749565125
 16.7800409431458
 12.8349749565125
 13.816737953186
 11.8442049598694
 21.7158769264221
 14.8075079498291
 5.92660597991943
 10.8534349632263
 10.8534349632263
 15.7892709465027
 15.7892709465027
 14.8075079498291
 8.88090196990967
 13.816737953186
 20.7251069297791
 12.8349749565125
 10.8534349632263
 11.8442049598694
 11.8442049598694
 15.7892709465027
 11.8442049598694
 14.8075079498291
 7.89913897323608
 10.8534349632263
 11.8442049598694
 8.88090196990967
 8.88090196990967
 10.8534349632263
 10.8534349632263
 10.8534349632263
 12.8349749565125
 13.816737953186
 19.7433439331055
 8.88090196990967
 11.8442049598694
 8.88090196990967
 11.8442049598694
 6.90836897659302
 5.92660597991943
 7.89913897323608
 10.8534349632263
 6.90836897659302
 5.92660597991943
 9.87167196655274
 11.8442049598694
 4.93583598327637
 6.90836897659302
 7.89913897323608
 11.8442049598694
 9.87167196655274
 4.93583598327637
 3.9450659866333
 11.8442049598694
 6.90836897659302
 8.88090196990967
 3.9450659866333
 5.92660597991943
 6.90836897659302
 5.92660597991943
 10.8534349632263
 8.88090196990967
 7.89913897323608
 11.8442049598694
 8.88090196990967
 5.92660597991943
 7.89913897323608
 7.89913897323608
 10.8534349632263
 8.88090196990967
 5.92660597991943
 7.89913897323608
 5.92660597991943
 6.90836897659302
 5.92660597991943
 7.89913897323608
 7.89913897323608
 8.88090196990967
 3.9450659866333
 5.92660597991943
 3.9450659866333
 5.92660597991943
 3.9450659866333
 5.92660597991943
 3.9450659866333
 4.93583598327637
 4.93583598327637
 9.87167196655274
 2.96330298995972
 6.90836897659302
 5.92660597991943
 4.93583598327637
 4.93583598327637
 2.96330298995972
 3.9450659866333
 5.92660597991943
 6.90836897659302
 6.90836897659302
 5.92660597991943
 7.89913897323608
 9.87167196655274
 6.90836897659302
 2.96330298995972
 8.88090196990967
 4.93583598327637
 4.93583598327637
 1.97253299331665
 3.9450659866333
 6.90836897659302
 4.93583598327637
 4.93583598327637
 6.90836897659302
 2.96330298995972
 3.9450659866333
 8.88090196990967
 5.92660597991943
 2.96330298995972
 5.92660597991943
 3.9450659866333
 .990769996643066
 3.9450659866333
 3.9450659866333
 1.97253299331665
 4.93583598327637
 4.93583598327637
 3.9450659866333
 3.9450659866333
 2.96330298995972
 5.92660597991943
 .990769996643066
 4.93583598327637
 4.93583598327637
 6.90836897659302
 4.93583598327637
 1.97253299331665
 4.93583598327637
 7.89913897323608
 3.9450659866333
 7.89913897323608
 2.96330298995972
 3.9450659866333
 2.96330298995972
 4.93583598327637
 4.93583598327637
 6.90836897659302
 4.93583598327637
 3.9450659866333
 7.89913897323608
 2.96330298995972
 7.89913897323608
 1.97253299331665
 6.90836897659302
 2.96330298995972
 2.96330298995972
 5.92660597991943
 3.9450659866333
 3.9450659866333
 3.9450659866333
 8.88090196990967
 5.92660597991943
 7.89913897323608
 2.96330298995972
 2.96330298995972
 5.92660597991943
 2.96330298995972
 6.90836897659302
 7.89913897323608
 4.93583598327637
 6.90836897659302
 5.92660597991943
 7.89913897323608
 11.8442049598694
 6.90836897659302
 3.9450659866333
 7.89913897323608
 4.93583598327637
 11.8442049598694
 8.88090196990967
 6.90836897659302
 8.88090196990967
 6.90836897659302
 5.92660597991943
 10.8534349632263
 14.8075079498291
 8.88090196990967
 10.8534349632263
 17.7708109397888
 11.8442049598694
 9.87167196655274
 15.7892709465027
 14.8075079498291
 23.6884099197388
 21.7158769264221
 19.7433439331055
 14.8075079498291
 22.7066469230652
 23.6884099197388
 28.6242459030151
 43.4317538528442
 37.5051478729248
 39.4866878662109
 35.5326148796082
 53.303425819397
 57.2484918060303
 48.3675898361206
 56.2667288093567
 63.1750977859497
 64.1568607826233
 85.8727377090454
 82.9094347190857
 99.7074896621704
 92.7720996856689
 99.7074896621704
 120.42358959198
 89.8268106956482
 118.442049598694
 106.642879638672
 108.534349632263
 118.442049598694
 123.395899581909
 130.331289558411
 128.349749565125
 132.222759552002
 147.084309501648
 147.084309501648
 142.130459518433
 159.874249458313
 146.093539505005
 168.791179428101
 143.121229515076
 157.892709465027
 165.818869438171
 180.590349388123
 164.828099441528
 150.056619491577
 130.331289558411
 136.185839538574
 156.901939468384
 167.800409431458
 124.386669578552
 126.368209571838
 134.204299545288
 134.204299545288
 111.506659622192
 124.386669578552
 116.460509605408
 99.7074896621704
 95.7444096755981
 100.698259658813
 88.8360406990051
 79.9551387290955
 82.9094347190857
 94.7536396789551
 47.3768198394775
 59.2210247993469
 60.21179479599
 50.3401228294373
 54.2851888160706
 42.4409838562012
 47.3768198394775
 31.5875488929749
 31.5875488929749
 27.6334759063721
 22.7066469230652
 28.6242459030151
 22.7066469230652
 18.7525739364624
 22.7066469230652
 14.8075079498291
 12.8349749565125
 10.8534349632263
 8.88090196990967
 7.89913897323608
 13.816737953186
 8.88090196990967
 2.96330298995972
 6.90836897659302
 4.93583598327637
 2.96330298995972
 5.92660597991943
 2.96330298995972
 .990769996643066
 0
 .990769996643066
 1.97253299331665
 0
 .990769996643066
 .990769996643066
 0
 .990769996643066
 1.97253299331665
 .990769996643066
 1.97253299331665
 0
 2.96330298995972
 0
 .990769996643066
 0
 0
 0
 1.97253299331665
 0
 .990769996643066
 0
 0
 0
 .990769996643066
 .990769996643066
 .990769996643066
 .990769996643066
 0
 0
 .990769996643066
 0
 0
 0
 0
 0
 0
 0
 .990769996643066
 0
 .990769996643066
 .990769996643066
 .990769996643066
 0
 1.97253299331665
 0
 0
 .990769996643066
 0
 0
 0
 0
 .990769996643066
 0
 0
 .990769996643066
 0
 0
 0
 .990769996643066
 .990769996643066
 .990769996643066
 2.96330298995972
 0
 0
 .990769996643066
 0
 .990769996643066
 0
 .990769996643066
 .990769996643066
 0
 1.97253299331665
 .990769996643066
 .990769996643066
 0
 0
 1.97253299331665
 0
 0
 1.97253299331665
 0
 0
 0
 0
 0
 .990769996643066
 0
 0
 1.97253299331665
 .990769996643066
 0
 0
 0
 0
 .990769996643066
 .990769996643066
 0
 .990769996643066
 0
 .990769996643066
 0
 .990769996643066
 0
 0
 0
 .990769996643066
 .990769996643066
 .990769996643066
 .990769996643066
 0
 0
 .990769996643066
 1.97253299331665
 0
 0
 0
 0
 0
 0
 0
 1.97253299331665
 1.97253299331665
 0
 .990769996643066
 .990769996643066
 0
 0
 .990769996643066
 0
 .990769996643066
 0
 0
 0
 0
 .990769996643066
 0
 0
 0
 .990769996643066
 .990769996643066
 0
 0
 0
 0
 0
 .990769996643066
 .990769996643066
 0
 0
 0
 .990769996643066
 .990769996643066
 0
 0
 1.97253299331665
 0
 0
 1.97253299331665
 0
 1.97253299331665
 0
 .990769996643066
 1.97253299331665
 0
 .990769996643066
 .990769996643066
 0
 .990769996643066
 0
 .990769996643066
 0
 .990769996643066
 0
 .990769996643066
 0
 0
 0
 .990769996643066
 0
 0
 0
 0
 0
 0
 0
 .990769996643066
 0
 0
 0
 0
 0
 .990769996643066
 .990769996643066
 0
 .990769996643066
 0
 .990769996643066
 0
 0
 0
 0
 1.97253299331665
 .990769996643066
 .990769996643066
 0
 .990769996643066
 0
 0
 0
 0
 0
 0
 .990769996643066
 .990769996643066
 .990769996643066
 0
 0
 0
 .990769996643066
 0
 .990769996643066
 .990769996643066
 0
 0
 0
 0
 1.97253299331665
 0
 0
 0
 0
 0
 0
 0
 0
 .990769996643066
 0
 0
 1.97253299331665
 .990769996643066
 0
 0
 0
 0
 0
 .990769996643066
 .990769996643066
 0
 0
 0
 .990769996643066
 .990769996643066
 0
 0
 .990769996643066
 0
 .990769996643066
 0
 .990769996643066
 0
 1.97253299331665
 0
 0
 1.97253299331665
 .990769996643066
 0
 0
 0
 0
 .990769996643066
 0
 0
 .990769996643066
 0
 0
 0
 0
 0
 0
 .990769996643066
 .990769996643066
 0
 0
 0
 0
 0
 0
 0
 0
 0
 0
 0
 0
 0
 0
 0
 0
 0
 0
 0
 .990769996643066
 0
 0
 .990769996643066
 0
 0
 .990769996643066
 0
 0
 .990769996643066
