Berthold Technologies LB2045

Spektrum 

08.12.20  02:52:13

Real Time[s]: 61,313
Live Time[s]: 61,1
DTL(%): 1,45
Energie:E1024

------------------------------------
 0
 .977616027832031
 0
 0
 0
 0
 0
 0
 0
 0
 0
 0
 0
 0
 0
 0
 0
 0
 0
 .977616027832031
 0
 .977616027832031
 9.95946328353882
 15.94736145401
 22.9128756523132
 25.9068247375488
 35.8662880210876
 46.864468334198
 39.8378531341553
 58.7791636734009
 40.8765701637268
 49.7973164176941
 37.8826210784912
 49.7973164176941
 45.8257513046265
 52.7912655029297
 58.7791636734009
 64.7670618438721
 63.78944581604
 82.7307563552856
 70.7549600143433
 112.609146205902
 130.572840717316
 134.544405830383
 152.446999340057
 126.540174602509
 120.552276432037
 123.546225517273
 103.627298950195
 101.672066894531
 78.6980902404785
 74.7265251274109
 62.811829788208
 66.7833949012756
 67.7610109291077
 57.8015476455688
 56.8239316177368
 49.7973164176941
 55.7852145881653
 56.8239316177368
 61.7731127586365
 61.7731127586365
 49.7973164176941
 64.7670618438721
 45.8257513046265
 49.7973164176941
 56.8239316177368
 57.8015476455688
 79.7368072700501
 69.7773439865112
 67.7610109291077
 72.7712930717468
 74.7265251274109
 59.8178807029724
 54.8075985603333
 79.7368072700501
 61.7731127586365
 67.7610109291077
 58.7791636734009
 78.6980902404785
 82.7307563552856
 87.6799374961853
 84.6859884109497
 85.7247054405212
 83.7083723831177
 78.6980902404785
 77.7204742126465
 72.7712930717468
 97.6394007797241
 86.7023214683533
 91.7126036109924
 86.7023214683533
 79.7368072700501
 94.6454516944885
 99.6557338371277
 92.6902196388245
 69.7773439865112
 92.6902196388245
 81.6920393257141
 99.6557338371277
 107.598864063263
 95.6841687240601
 95.6841687240601
 109.615197120667
 105.643632007599
 87.6799374961853
 95.6841687240601
 92.6902196388245
 105.643632007599
 93.6678356666565
 79.7368072700501
 96.6617847518921
 96.6617847518921
 102.649682922363
 86.7023214683533
 109.615197120667
 77.7204742126465
 99.6557338371277
 92.6902196388245
 79.7368072700501
 93.6678356666565
 69.7773439865112
 101.672066894531
 85.7247054405212
 89.6962705535889
 90.6738865814209
 84.6859884109497
 92.6902196388245
 87.6799374961853
 91.7126036109924
 69.7773439865112
 100.63334986496
 85.7247054405212
 98.6781178092957
 97.6394007797241
 101.672066894531
 88.7186545257568
 92.6902196388245
 103.627298950195
 89.6962705535889
 79.7368072700501
 74.7265251274109
 75.7652421569824
 96.6617847518921
 91.7126036109924
 80.7144232978821
 98.6781178092957
 73.7489090995789
 81.6920393257141
 86.7023214683533
 80.7144232978821
 88.7186545257568
 70.7549600143433
 84.6859884109497
 80.7144232978821
 75.7652421569824
 70.7549600143433
 83.7083723831177
 75.7652421569824
 80.7144232978821
 77.7204742126465
 93.6678356666565
 89.6962705535889
 78.6980902404785
 89.6962705535889
 92.6902196388245
 73.7489090995789
 74.7265251274109
 84.6859884109497
 78.6980902404785
 70.7549600143433
 70.7549600143433
 86.7023214683533
 79.7368072700501
 66.7833949012756
 79.7368072700501
 85.7247054405212
 81.6920393257141
 76.7428581848145
 71.7325760421753
 75.7652421569824
 79.7368072700501
 66.7833949012756
 62.811829788208
 55.7852145881653
 72.7712930717468
 55.7852145881653
 59.8178807029724
 79.7368072700501
 78.6980902404785
 52.7912655029297
 64.7670618438721
 63.78944581604
 55.7852145881653
 63.78944581604
 67.7610109291077
 63.78944581604
 65.7446778717041
 71.7325760421753
 74.7265251274109
 75.7652421569824
 66.7833949012756
 96.6617847518921
 102.649682922363
 73.7489090995789
 74.7265251274109
 75.7652421569824
 73.7489090995789
 74.7265251274109
 79.7368072700501
 91.7126036109924
 84.6859884109497
 83.7083723831177
 74.7265251274109
 85.7247054405212
 67.7610109291077
 76.7428581848145
 59.8178807029724
 73.7489090995789
 82.7307563552856
 81.6920393257141
 75.7652421569824
 75.7652421569824
 73.7489090995789
 68.7386269569397
 61.7731127586365
 78.6980902404785
 60.7954967308044
 59.8178807029724
 51.8136494750977
 71.7325760421753
 58.7791636734009
 73.7489090995789
 68.7386269569397
 90.6738865814209
 74.7265251274109
 79.7368072700501
 71.7325760421753
 73.7489090995789
 63.78944581604
 77.7204742126465
 68.7386269569397
 49.7973164176941
 69.7773439865112
 67.7610109291077
 74.7265251274109
 70.7549600143433
 61.7731127586365
 65.7446778717041
 64.7670618438721
 70.7549600143433
 74.7265251274109
 64.7670618438721
 57.8015476455688
 64.7670618438721
 70.7549600143433
 60.7954967308044
 61.7731127586365
 66.7833949012756
 59.8178807029724
 84.6859884109497
 62.811829788208
 56.8239316177368
 56.8239316177368
 60.7954967308044
 76.7428581848145
 69.7773439865112
 59.8178807029724
 56.8239316177368
 61.7731127586365
 52.7912655029297
 66.7833949012756
 57.8015476455688
 57.8015476455688
 63.78944581604
 50.8360334472656
 42.8318022193909
 46.864468334198
 54.8075985603333
 61.7731127586365
 48.8197003898621
 48.8197003898621
 44.8481352767944
 42.8318022193909
 37.8826210784912
 52.7912655029297
 62.811829788208
 42.8318022193909
 54.8075985603333
 35.8662880210876
 45.8257513046265
 59.8178807029724
 42.8318022193909
 53.8299825325012
 58.7791636734009
 54.8075985603333
 46.864468334198
 57.8015476455688
 38.8602371063232
 53.8299825325012
 51.8136494750977
 35.8662880210876
 49.7973164176941
 50.8360334472656
 56.8239316177368
 33.9110559654236
 39.8378531341553
 37.8826210784912
 37.8826210784912
 40.8765701637268
 66.7833949012756
 46.864468334198
 60.7954967308044
 48.8197003898621
 51.8136494750977
 47.84208436203
 37.8826210784912
 41.8541861915588
 53.8299825325012
 38.8602371063232
 36.8439040489197
 48.8197003898621
 47.84208436203
 63.78944581604
 47.84208436203
 45.8257513046265
 50.8360334472656
 35.8662880210876
 42.8318022193909
 48.8197003898621
 44.8481352767944
 47.84208436203
 41.8541861915588
 43.8705192489624
 27.9231577949524
 57.8015476455688
 34.8886719932556
 30.917106880188
 39.8378531341553
 38.8602371063232
 45.8257513046265
 39.8378531341553
 32.8723389358521
 43.8705192489624
 33.9110559654236
 25.9068247375488
 44.8481352767944
 42.8318022193909
 46.864468334198
 29.8783898506165
 55.7852145881653
 37.8826210784912
 50.8360334472656
 41.8541861915588
 38.8602371063232
 53.8299825325012
 42.8318022193909
 24.9292087097168
 48.8197003898621
 39.8378531341553
 38.8602371063232
 30.917106880188
 44.8481352767944
 47.84208436203
 47.84208436203
 45.8257513046265
 34.8886719932556
 41.8541861915588
 44.8481352767944
 44.8481352767944
 38.8602371063232
 35.8662880210876
 36.8439040489197
 41.8541861915588
 40.8765701637268
 38.8602371063232
 42.8318022193909
 41.8541861915588
 43.8705192489624
 38.8602371063232
 37.8826210784912
 42.8318022193909
 44.8481352767944
 35.8662880210876
 35.8662880210876
 29.8783898506165
 46.864468334198
 48.8197003898621
 33.9110559654236
 41.8541861915588
 26.8844407653809
 40.8765701637268
 41.8541861915588
 41.8541861915588
 32.8723389358521
 37.8826210784912
 39.8378531341553
 21.9352596244812
 31.89472290802
 33.9110559654236
 41.8541861915588
 31.89472290802
 29.8783898506165
 36.8439040489197
 43.8705192489624
 29.8783898506165
 41.8541861915588
 33.9110559654236
 38.8602371063232
 23.8904916801453
 40.8765701637268
 47.84208436203
 38.8602371063232
 35.8662880210876
 38.8602371063232
 35.8662880210876
 44.8481352767944
 43.8705192489624
 31.89472290802
 37.8826210784912
 31.89472290802
 28.9007738227844
 30.917106880188
 30.917106880188
 41.8541861915588
 29.8783898506165
 42.8318022193909
 31.89472290802
 46.864468334198
 44.8481352767944
 28.9007738227844
 31.89472290802
 39.8378531341553
 51.8136494750977
 36.8439040489197
 40.8765701637268
 38.8602371063232
 40.8765701637268
 40.8765701637268
 30.917106880188
 31.89472290802
 34.8886719932556
 45.8257513046265
 33.9110559654236
 46.864468334198
 38.8602371063232
 38.8602371063232
 39.8378531341553
 33.9110559654236
 35.8662880210876
 49.7973164176941
 41.8541861915588
 31.89472290802
 37.8826210784912
 38.8602371063232
 34.8886719932556
 39.8378531341553
 42.8318022193909
 44.8481352767944
 49.7973164176941
 36.8439040489197
 40.8765701637268
 38.8602371063232
 37.8826210784912
 34.8886719932556
 28.9007738227844
 44.8481352767944
 30.917106880188
 27.9231577949524
 26.8844407653809
 29.8783898506165
 30.917106880188
 34.8886719932556
 26.8844407653809
 23.8904916801453
 30.917106880188
 34.8886719932556
 22.9128756523132
 29.8783898506165
 16.924977481842
 24.9292087097168
 32.8723389358521
 37.8826210784912
 19.9189265670776
 23.8904916801453
 30.917106880188
 27.9231577949524
 27.9231577949524
 20.9576435966492
 31.89472290802
 16.924977481842
 19.9189265670776
 21.9352596244812
 18.9413105392456
 16.924977481842
 26.8844407653809
 15.94736145401
 10.9370793113708
 19.9189265670776
 13.9310283966064
 19.9189265670776
 18.9413105392456
 24.9292087097168
 7.94313022613525
 12.9534123687744
 17.9636945114136
 24.9292087097168
 13.9310283966064
 17.9636945114136
 6.96551419830322
 13.9310283966064
 12.9534123687744
 13.9310283966064
 22.9128756523132
 14.969745426178
 15.94736145401
 13.9310283966064
 13.9310283966064
 12.9534123687744
 24.9292087097168
 5.98789817047119
 9.95946328353882
 9.95946328353882
 17.9636945114136
 18.9413105392456
 5.98789817047119
 14.969745426178
 11.9757963409424
 6.96551419830322
 21.9352596244812
 10.9370793113708
 11.9757963409424
 14.969745426178
 7.94313022613525
 9.95946328353882
 12.9534123687744
 13.9310283966064
 5.98789817047119
 12.9534123687744
 9.95946328353882
 15.94736145401
 11.9757963409424
 18.9413105392456
 3.97156511306763
 14.969745426178
 8.98184725570679
 12.9534123687744
 10.9370793113708
 8.98184725570679
 7.94313022613525
 9.95946328353882
 7.94313022613525
 6.96551419830322
 7.94313022613525
 5.98789817047119
 11.9757963409424
 5.98789817047119
 9.95946328353882
 5.01028214263916
 9.95946328353882
 3.97156511306763
 7.94313022613525
 5.98789817047119
 11.9757963409424
 3.97156511306763
 8.98184725570679
 7.94313022613525
 6.96551419830322
 9.95946328353882
 9.95946328353882
 7.94313022613525
 9.95946328353882
 7.94313022613525
 8.98184725570679
 3.97156511306763
 11.9757963409424
 7.94313022613525
 12.9534123687744
 6.96551419830322
 5.98789817047119
 5.01028214263916
 5.01028214263916
 8.98184725570679
 7.94313022613525
 5.98789817047119
 5.01028214263916
 14.969745426178
 7.94313022613525
 7.94313022613525
 15.94736145401
 5.01028214263916
 9.95946328353882
 5.01028214263916
 9.95946328353882
 11.9757963409424
 6.96551419830322
 5.98789817047119
 7.94313022613525
 3.97156511306763
 5.01028214263916
 2.01633305740356
 8.98184725570679
 8.98184725570679
 10.9370793113708
 12.9534123687744
 5.98789817047119
 9.95946328353882
 14.969745426178
 10.9370793113708
 7.94313022613525
 9.95946328353882
 13.9310283966064
 12.9534123687744
 14.969745426178
 5.98789817047119
 10.9370793113708
 9.95946328353882
 9.95946328353882
 12.9534123687744
 11.9757963409424
 12.9534123687744
 12.9534123687744
 17.9636945114136
 15.94736145401
 15.94736145401
 14.969745426178
 21.9352596244812
 24.9292087097168
 22.9128756523132
 20.9576435966492
 29.8783898506165
 35.8662880210876
 35.8662880210876
 47.84208436203
 37.8826210784912
 40.8765701637268
 58.7791636734009
 47.84208436203
 55.7852145881653
 63.78944581604
 69.7773439865112
 60.7954967308044
 77.7204742126465
 86.7023214683533
 80.7144232978821
 86.7023214683533
 84.6859884109497
 127.57889163208
 101.672066894531
 130.572840717316
 121.590993461609
 111.63153017807
 130.572840717316
 130.572840717316
 131.550456745148
 135.522021858215
 161.428846595764
 152.446999340057
 162.467563625336
 174.382258964539
 152.446999340057
 167.416744766235
 214.281213100433
 170.410693851471
 178.353824077606
 197.295134616852
 176.398592021942
 198.333851646423
 183.364106220245
 202.305416759491
 189.352004390717
 196.31751858902
 176.398592021942
 204.321749816895
 180.37015713501
 179.392541107178
 187.335671333313
 176.398592021942
 177.376208049774
 146.520202171326
 146.520202171326
 159.4736145401
 165.400411708832
 173.404642936707
 128.556507659912
 128.556507659912
 148.47543422699
 112.609146205902
 99.6557338371277
 106.621248035431
 110.592813148499
 99.6557338371277
 95.6841687240601
 96.6617847518921
 64.7670618438721
 78.6980902404785
 57.8015476455688
 38.8602371063232
 51.8136494750977
 34.8886719932556
 39.8378531341553
 41.8541861915588
 39.8378531341553
 40.8765701637268
 38.8602371063232
 23.8904916801453
 24.9292087097168
 19.9189265670776
 15.94736145401
 14.969745426178
 18.9413105392456
 12.9534123687744
 13.9310283966064
 8.98184725570679
 15.94736145401
 2.01633305740356
 7.94313022613525
 6.96551419830322
 5.01028214263916
 2.9939490852356
 5.98789817047119
 2.9939490852356
 3.97156511306763
 2.9939490852356
 7.94313022613525
 3.97156511306763
 2.9939490852356
 2.01633305740356
 2.01633305740356
 2.9939490852356
 .977616027832031
 2.01633305740356
 .977616027832031
 2.9939490852356
 2.9939490852356
 2.01633305740356
 2.01633305740356
 3.97156511306763
 2.01633305740356
 3.97156511306763
 2.01633305740356
 0
 2.01633305740356
 .977616027832031
 2.01633305740356
 .977616027832031
 2.9939490852356
 .977616027832031
 5.01028214263916
 .977616027832031
 5.98789817047119
 2.01633305740356
 0
 2.9939490852356
 2.9939490852356
 3.97156511306763
 2.9939490852356
 .977616027832031
 2.01633305740356
 0
 2.9939490852356
 0
 7.94313022613525
 3.97156511306763
 3.97156511306763
 2.01633305740356
 .977616027832031
 3.97156511306763
 2.01633305740356
 .977616027832031
 2.01633305740356
 2.01633305740356
 2.9939490852356
 0
 2.01633305740356
 2.9939490852356
 2.01633305740356
 .977616027832031
 .977616027832031
 2.01633305740356
 .977616027832031
 2.01633305740356
 2.01633305740356
 2.9939490852356
 2.01633305740356
 0
 2.9939490852356
 .977616027832031
 2.9939490852356
 2.9939490852356
 2.01633305740356
 .977616027832031
 2.01633305740356
 .977616027832031
 5.01028214263916
 2.9939490852356
 3.97156511306763
 2.9939490852356
 .977616027832031
 0
 2.9939490852356
 2.01633305740356
 .977616027832031
 0
 2.9939490852356
 2.01633305740356
 0
 2.9939490852356
 2.01633305740356
 5.01028214263916
 0
 2.01633305740356
 3.97156511306763
 2.9939490852356
 .977616027832031
 3.97156511306763
 .977616027832031
 2.9939490852356
 2.01633305740356
 .977616027832031
 .977616027832031
 .977616027832031
 .977616027832031
 .977616027832031
 2.9939490852356
 .977616027832031
 .977616027832031
 .977616027832031
 2.01633305740356
 2.01633305740356
 .977616027832031
 .977616027832031
 2.9939490852356
 2.9939490852356
 0
 2.9939490852356
 2.01633305740356
 2.01633305740356
 0
 3.97156511306763
 .977616027832031
 6.96551419830322
 2.9939490852356
 0
 .977616027832031
 2.9939490852356
 .977616027832031
 .977616027832031
 .977616027832031
 .977616027832031
 .977616027832031
 .977616027832031
 3.97156511306763
 2.01633305740356
 2.9939490852356
 2.9939490852356
 3.97156511306763
 .977616027832031
 0
 2.01633305740356
 2.9939490852356
 2.01633305740356
 2.01633305740356
 2.01633305740356
 2.9939490852356
 0
 2.9939490852356
 .977616027832031
 .977616027832031
 3.97156511306763
 2.01633305740356
 .977616027832031
 2.01633305740356
 0
 2.01633305740356
 .977616027832031
 .977616027832031
 5.01028214263916
 3.97156511306763
 3.97156511306763
 2.01633305740356
 2.01633305740356
 2.01633305740356
 2.9939490852356
 2.01633305740356
 2.9939490852356
 2.9939490852356
 .977616027832031
 0
 2.9939490852356
 5.01028214263916
 2.01633305740356
 .977616027832031
 2.01633305740356
 2.9939490852356
 .977616027832031
 2.9939490852356
 .977616027832031
 3.97156511306763
 0
 .977616027832031
 .977616027832031
 5.01028214263916
 2.01633305740356
 .977616027832031
 .977616027832031
 .977616027832031
 .977616027832031
 .977616027832031
 2.01633305740356
 .977616027832031
 .977616027832031
 2.01633305740356
 3.97156511306763
 .977616027832031
 0
 2.01633305740356
 2.01633305740356
 2.01633305740356
 .977616027832031
 0
 0
 .977616027832031
 2.9939490852356
 2.9939490852356
 .977616027832031
 2.9939490852356
 0
 0
 2.01633305740356
 3.97156511306763
 2.9939490852356
 2.9939490852356
 0
 2.9939490852356
 2.01633305740356
 2.9939490852356
 0
 .977616027832031
 2.01633305740356
 .977616027832031
 0
 .977616027832031
 2.01633305740356
 .977616027832031
 2.01633305740356
 .977616027832031
 .977616027832031
 .977616027832031
 .977616027832031
 0
 2.9939490852356
 0
 0
 2.01633305740356
 0
 2.01633305740356
 2.01633305740356
 .977616027832031
 0
 2.9939490852356
 2.01633305740356
 0
 2.01633305740356
 2.01633305740356
 2.01633305740356
 .977616027832031
 2.9939490852356
 0
 0
 5.01028214263916
 .977616027832031
 2.9939490852356
 0
 .977616027832031
 2.01633305740356
 2.9939490852356
 0
 2.01633305740356
 0
 2.01633305740356
 3.97156511306763
 .977616027832031
 0
 2.01633305740356
 2.01633305740356
 .977616027832031
 2.01633305740356
 2.9939490852356
 0
 .977616027832031
 0
 .977616027832031
 2.9939490852356
 2.01633305740356
 0
 2.01633305740356
 .977616027832031
 .977616027832031
 .977616027832031
 2.01633305740356
 3.97156511306763
 0
 0
 2.01633305740356
 .977616027832031
 2.9939490852356
 0
 .977616027832031
 0
 2.01633305740356
 2.9939490852356
 0
 0
 0
 .977616027832031
 5.98789817047119
 0
 0
 2.9939490852356
 .977616027832031
 0
 2.01633305740356
 2.01633305740356
