Berthold Technologies LB2045

Spektrum 

08.12.20  05:20:09

Probe: Co60 300s

Real Time[s]: 301,656
Live Time[s]: 276,86
DTL(%): 8,32
Energie:E2048

------------------------------------
 132.340998535156
 175.531784667969
 282.955021972656
 733.135908203125
 1298.21536010742
 2007.26409912109
 2895.99758300781
 3474.64337158203
 4067.13236083984
 4692.84503173828
 5135.82745361328
 5490.21339111328
 5861.21116943359
 6049.47869873047
 6376.17823486328
 6450.93151855469
 6351.26047363281
 6304.19359130859
 6168.53022460938
 6038.40413818359
 6168.53022460938
 5888.89757080078
 5717.24188232422
 5711.70460205078
 5783.68924560547
 5836.29340820312
 5794.76380615234
 5742.15964355469
 5869.51708984375
 6007.94909667969
 5780.92060546875
 5728.31644287109
 5778.15196533203
 5761.54012451172
 5686.78684082031
 5725.54780273438
 5841.83068847656
 5728.31644287109
 5703.39868164063
 5836.29340820312
 5780.92060546875
 5756.00284423828
 5736.62236328125
 5692.32412109375
 5797.53244628906
 5708.93596191406
 5742.15964355469
 5742.15964355469
 5783.68924560547
 5833.52476806641
 5772.61468505859
 5758.771484375
 5786.45788574219
 5778.15196533203
 5791.99516601563
 5883.36029052734
 5822.45020751953
 5728.31644287109
 5872.28572998047
 5911.04669189453
 5916.58397216797
 5983.03133544922
 5919.35261230469
 5888.89757080078
 5791.99516601563
 5800.30108642578
 5855.67388916016
 5772.61468505859
 5869.51708984375
 5731.08508300781
 5913.81533203125
 5769.84604492187
 5863.97980957031
 5875.05437011719
 5841.83068847656
 5861.21116943359
 5894.43485107422
 5919.35261230469
 5999.64317626953
 5980.2626953125
 6124.23198242188
 6063.32189941406
 6185.14206542969
 6309.73087158203
 6442.62559814453
 6478.61791992188
 6550.60256347656
 6835.77249755859
 6761.01921386719
 7051.72642822266
 7339.66500244141
 7372.88868408203
 7688.51365966797
 7655.28997802734
 7968.14631347656
 8076.12327880859
 8114.88424072266
 8372.3677734375
 8455.42697753906
 8580.01578369141
 8413.89737548828
 8602.16490478516
 8436.04649658203
 8394.51689453125
 8308.68905029297
 8236.70440673828
 8131.49608154297
 8125.95880126953
 7970.91495361328
 7752.1923828125
 7713.43142089844
 7616.52901611328
 7431.03012695312
 7400.57508544922
 7386.73188476563
 7048.95778808594
 7037.88322753906
 6891.14530029297
 6877.30209960937
 6791.47425537109
 6636.43040771484
 6744.40737304687
 6683.49729003906
 6725.02689208984
 6520.14752197266
 6536.75936279297
 6390.02143554687
 6514.61024169922
 6448.16287841797
 6426.01375732422
 6381.71551513672
 6448.16287841797
 6287.58175048828
 6456.46879882812
 6257.12670898438
 6248.82078857422
 6171.29886474609
 6265.43262939453
 6143.61246337891
 6063.32189941406
 6190.67934570312
 6171.29886474609
 6132.53790283203
 6140.84382324219
 6198.98526611328
 6190.67934570312
 6066.09053955078
 6016.25501708984
 6055.01597900391
 6043.94141845703
 5861.21116943359
 5955.34493408203
 5955.34493408203
 5847.36796875
 5753.23420410156
 5761.54012451172
 5855.67388916016
 5672.94364013672
 5714.4732421875
 5767.07740478516
 5686.78684082031
 5714.4732421875
 5606.49627685547
 5614.80219726563
 5625.8767578125
 5509.59387207031
 5636.95131835937
 5567.73531494141
 5454.22106933594
 5686.78684082031
 5642.48859863281
 5584.34715576172
 5639.71995849609
 5542.81755371094
 5501.28795166016
 5462.52698974609
 5470.83291015625
 5459.75834960937
 5526.20571289063
 5537.2802734375
 5515.13115234375
 5271.4908203125
 5409.92282714844
 5404.385546875
 5318.55770263672
 5343.47546386719
 5315.7890625
 5404.385546875
 5412.69146728516
 5307.48314208984
 5432.07194824219
 5504.05659179687
 5296.40858154297
 5404.385546875
 5426.53466796875
 5315.7890625
 5310.25178222656
 5398.84826660156
 5307.48314208984
 5279.79674072266
 5221.65529785156
 5360.0873046875
 5254.87897949219
 5274.25946044922
 5368.39322509766
 5193.96889648438
 5196.73753662109
 5113.67833251953
 5216.11801757812
 5119.21561279297
 5277.02810058594
 5033.38776855469
 5196.73753662109
 5357.31866455078
 5141.36473388672
 5232.72985839844
 5157.97657470703
 5160.74521484375
 5116.44697265625
 5085.99193115234
 5249.34169921875
 5180.12569580078
 5216.11801757812
 5193.96889648438
 5174.58841552734
 5138.59609375
 5210.58073730469
 5185.66297607422
 5216.11801757812
 5066.61145019531
 5185.66297607422
 5157.97657470703
 5207.81209716797
 5099.83513183594
 5061.07416992188
 5232.72985839844
 5146.90201416016
 5155.20793457031
 5182.8943359375
 5127.52153320312
 5141.36473388672
 5108.14105224609
 4978.01496582031
 5088.76057128906
 5193.96889648438
 5091.52921142578
 5180.12569580078
 5055.53688964844
 5102.60377197266
 5141.36473388672
 5108.14105224609
 5069.38009033203
 5177.35705566406
 5221.65529785156
 5000.16408691406
 5077.68601074219
 5185.66297607422
 5063.84281005859
 5049.999609375
 5063.84281005859
 5149.67065429688
 5152.43929443359
 5135.82745361328
 5141.36473388672
 5135.82745361328
 5169.05113525391
 5094.2978515625
 5011.23864746094
 4900.49304199219
 5124.75289306641
 5127.52153320312
 5110.90969238281
 5110.90969238281
 5033.38776855469
 5155.20793457031
 5180.12569580078
 5088.76057128906
 5146.90201416016
 4997.39544677734
 5025.08184814453
 4983.55224609375
 5207.81209716797
 5130.29017333984
 5182.8943359375
 5171.81977539063
 4986.32088623047
 5191.20025634766
 5157.97657470703
 5146.90201416016
 5058.30552978516
 4978.01496582031
 4978.01496582031
 5099.83513183594
 5124.75289306641
 5119.21561279297
 5014.00728759766
 5157.97657470703
 5135.82745361328
 5072.14873046875
 5077.68601074219
 5108.14105224609
 5290.87130126953
 5094.2978515625
 5138.59609375
 5174.58841552734
 5177.35705566406
 5155.20793457031
 4997.39544677734
 5049.999609375
 5152.43929443359
 4961.403125
 5085.99193115234
 5149.67065429688
 5155.20793457031
 5121.98425292969
 5135.82745361328
 5077.68601074219
 5072.14873046875
 5246.57305908203
 5252.11033935547
 5163.51385498047
 5180.12569580078
 5091.52921142578
 5138.59609375
 5274.25946044922
 5282.56538085937
 5196.73753662109
 5218.88665771484
 5174.58841552734
 5296.40858154297
 5301.94586181641
 5265.95354003906
 5282.56538085937
 5138.59609375
 5213.34937744141
 5224.42393798828
 5213.34937744141
 5349.01274414062
 5229.96121826172
 5144.13337402344
 5307.48314208984
 5326.86362304687
 5404.385546875
 5193.96889648438
 5160.74521484375
 5241.03577880859
 5196.73753662109
 5138.59609375
 5313.02042236328
 5277.02810058594
 5288.10266113281
 5315.7890625
 5324.09498291016
 5216.11801757812
 5224.42393798828
 5371.16186523438
 5271.4908203125
 5182.8943359375
 5324.09498291016
 5304.71450195313
 5326.86362304687
 5321.32634277344
 5260.41625976563
 5268.72218017578
 5512.36251220703
 5490.21339111328
 5360.0873046875
 5313.02042236328
 5232.72985839844
 5420.99738769531
 5484.67611083984
 5490.21339111328
 5423.76602783203
 5346.24410400391
 5343.47546386719
 5492.98203125
 5448.6837890625
 5379.46778564453
 5587.11579589844
 5567.73531494141
 5401.61690673828
 5376.69914550781
 5487.44475097656
 5434.84058837891
 5576.04123535156
 5559.42939453125
 5625.8767578125
 5490.21339111328
 5570.50395507813
 5695.09276123047
 5628.64539794922
 5659.10043945313
 5556.66075439453
 5650.79451904297
 5614.80219726563
 5708.93596191406
 5731.08508300781
 5852.90524902344
 5681.24956054687
 5736.62236328125
 5797.53244628906
 5827.98748779297
 5805.83836669922
 5922.12125244141
 5758.771484375
 5863.97980957031
 5897.20349121094
 5883.36029052734
 5872.28572998047
 5994.10589599609
 6007.94909667969
 5927.65853271484
 6027.32957763672
 6007.94909667969
 5938.73309326172
 5991.33725585938
 5977.49405517578
 6007.94909667969
 5938.73309326172
 6013.48637695312
 5875.05437011719
 6066.09053955078
 6016.25501708984
 6032.86685791016
 5969.18813476562
 5994.10589599609
 6055.01597900391
 6007.94909667969
 6107.62014160156
 6038.40413818359
 6052.24733886719
 6068.8591796875
 6046.71005859375
 6257.12670898438
 6174.06750488281
 6207.29118652344
 6234.97758789062
 6337.41727294922
 6212.82846679688
 6140.84382324219
 6243.28350830078
 6204.52254638672
 6088.23966064453
 6165.76158447266
 6190.67934570312
 6243.28350830078
 6121.46334228516
 5960.88221435547
 6060.55325927734
 6121.46334228516
 6032.86685791016
 5966.41949462891
 6129.76926269531
 5850.13660888672
 5814.14428710938
 5852.90524902344
 5689.55548095703
 5631.41403808594
 5545.58619384766
 5603.72763671875
 5540.04891357422
 5443.14650878906
 5340.70682373047
 5232.72985839844
 5277.02810058594
 5055.53688964844
 5138.59609375
 4922.64216308594
 4950.32856445312
 4889.41848144531
 4825.73975830078
 4643.00950927734
 4618.09174804688
 4595.94262695313
 4415.98101806641
 4457.51062011719
 4474.1224609375
 4346.76501464844
 4479.65974121094
 4360.60821533203
 4288.62357177734
 4296.9294921875
 4247.09396972656
 4224.94484863281
 4158.49748535156
 4130.81108398437
 4116.96788330078
 4133.57972412109
 4069.90100097656
 4042.21459960938
 3984.07315673828
 3997.91635742187
 3937.00627441406
 4056.05780029297
 3925.93171386719
 3837.33522949219
 3829.02930908203
 3865.02163085938
 3956.38675537109
 3856.71571044922
 3959.15539550781
 3981.30451660156
 3898.2453125
 3914.85715332031
 3920.39443359375
 3917.62579345703
 3887.17075195312
 3820.72338867188
 3873.32755126953
 3978.53587646484
 3801.34290771484
 3820.72338867188
 3859.48435058594
 3870.55891113281
 3948.08083496094
 3779.19378662109
 3779.19378662109
 3660.14226074219
 3748.73874511719
 3673.98546142578
 3673.98546142578
 3590.92625732422
 3682.29138183594
 3649.06770019531
 3671.21682128906
 3549.39665527344
 3452.49425048828
 3463.56881103516
 3433.11376953125
 3449.72561035156
 3294.68176269531
 3311.29360351563
 3275.30128173828
 3280.83856201172
 3236.54031982422
 3175.63023681641
 3211.62255859375
 3100.876953125
 3208.85391845703
 3172.86159667969
 3308.52496337891
 3408.19600830078
 3355.59184570312
 3452.49425048828
 3640.76177978516
 3701.67186279297
 3806.88018798828
 4064.36372070312
 4255.39989013672
 4557.18166503906
 4728.83735351562
 5052.76824951172
 5473.60155029297
 5778.15196533203
 6306.96223144531
 6639.19904785156
 7145.86019287109
 7574.9994140625
 8106.5783203125
 8488.65065917969
 9086.67692871094
 9432.75694580078
 9978.17905273437
 10584.5112426758
 11021.9563842773
 11381.8796020508
 12115.5692382812
 12215.2402832031
 12755.1251098633
 12816.0351928711
 13139.9660888672
 13325.4649780273
 13331.0022583008
 13427.9046630859
 13342.0768188477
 13350.3827392578
 13029.2204833984
 12829.8783935547
 12461.6492553711
 12339.8290893555
 11880.2348266602
 11345.8872802734
 10864.1438964844
 10285.4981079102
 9698.54639892578
 9233.41485595703
 8527.41162109375
 7959.84039306641
 7400.57508544922
 6711.18369140625
 6334.6486328125
 5725.54780273438
 5304.71450195313
 4828.5083984375
 4252.63125
 3978.53587646484
 3482.94929199219
 3208.85391845703
 2954.13902587891
 2452.73829711914
 2363.86494873047
 1995.63581054688
 1946.07715209961
 1726.52398925781
 1631.00590454102
 1499.77236206055
 1338.91437011719
 1343.62105834961
 1286.5870715332
 1203.80473144531
 1234.25977294922
 1168.08927368164
 1215.7098840332
 1135.14245605469
 1277.45055908203
 1278.28115112305
 1403.14682128906
 1426.95712646484
 1562.89735717773
 1651.21697753906
 1763.0700390625
 1935.83318359375
 2054.33098144531
 2272.77668823242
 2441.66373657227
 2671.18400390625
 3003.97454833984
 3123.02607421875
 3463.56881103516
 3884.40211181641
 4072.66964111328
 4537.80118408203
 4770.36695556641
 5188.43161621094
 5617.57083740234
 6110.38878173828
 6453.70015869141
 6794.24289550781
 7140.32291259766
 7630.37221679687
 7862.93798828125
 8339.14409179688
 8845.80523681641
 9070.06508789062
 9319.24270019531
 9773.29968261719
 9947.72401123047
 10135.9915405273
 10304.8785888672
 10509.7579589844
 10504.2206787109
 10368.5573120117
 10349.1768310547
 10296.572668457
 10371.3259521484
 10025.2459350586
 9889.58256835937
 9335.85454101562
 9238.95213623047
 8901.17803955078
 8424.97193603516
 7981.98951416016
 7561.15621337891
 7204.00163574219
 6713.95233154297
 6340.18591308594
 5994.10589599609
 5504.05659179687
 5099.83513183594
 4734.37463378906
 4335.69045410156
 3992.37907714844
 3696.13458251953
 3330.67408447266
 3001.20590820313
 2755.90439208984
 2509.77228393555
 2178.08919555664
 2061.52944580078
 1818.1659777832
 1594.18299072266
 1442.73837524414
 1431.66381469727
 1335.31513793945
 1106.62546264648
 1057.89739624023
 910.052012939453
 905.345324707031
 791.554215087891
 769.405093994141
 736.458276367188
 718.185251464844
 684.961569824219
 696.866722412109
 636.510367431641
 670.287777099609
 608.823966064453
 566.463771972656
 627.096990966797
 597.749405517578
 579.476380615234
 560.926491699219
 556.496667480469
 534.347546386719
 583.075612792969
 493.925400390625
 521.611801757812
 544.591514892578
 503.061912841797
 595.811357421875
 541.822874755859
 496.694040527344
 564.802587890625
 560.095899658203
 527.14908203125
 506.938009033203
 477.590423583984
 560.095899658203
 522.442393798828
 492.264216308594
 495.863448486328
 547.360155029297
 519.673753662109
 516.905113525391
 521.611801757812
 526.041625976563
 498.632088623047
 513.305881347656
 527.14908203125
 483.127703857422
 483.958295898437
 516.905113525391
 482.020247802734
 472.883735351563
 506.938009033203
 516.905113525391
 460.978582763672
 481.189655761719
 487.557528076172
 508.599193115234
 511.367833251953
 470.115095214844
 484.788887939453
 463.747222900391
 443.536149902344
 456.27189453125
 473.714327392578
 447.965974121094
 498.632088623047
 473.714327392578
 492.264216308594
 474.821783447266
 501.400728759766
 474.821783447266
 482.020247802734
 453.503254394531
 469.284503173828
 419.725844726563
 483.127703857422
 509.706649169922
 470.115095214844
 452.672662353516
 490.326168212891
 501.400728759766
 447.135382080078
 442.705557861328
 461.809174804687
 511.367833251953
 493.094808349609
 466.515863037109
 460.978582763672
 453.503254394531
 475.652375488281
 461.809174804687
 437.998869628906
 474.821783447266
 424.155668945313
 484.788887939453
 444.366741943359
 473.714327392578
 450.734614257813
 407.820692138672
 435.230229492188
 476.482967529297
 455.441302490234
 445.197333984375
 449.904022216797
 464.577814941406
 430.523541259766
 449.073430175781
 434.399637451172
 435.230229492188
 437.168277587891
 476.482967529297
 437.998869628906
 409.481876220703
 429.69294921875
 375.427602539063
 442.705557861328
 407.543828125
 417.787796630859
 447.135382080078
 392.039443359375
 384.840979003906
 385.671571044922
 426.093717041016
 410.312468261719
 392.039443359375
 421.387028808594
 398.407315673828
 411.419924316406
 373.766418457031
 427.754901123047
 403.11400390625
 392.039443359375
 384.840979003906
 406.713236083984
 384.840979003906
 374.597010498047
 422.494484863281
 375.427602539063
 389.270803222656
 413.081108398437
 386.502163085937
 382.902930908203
 395.638675537109
 370.167186279297
 375.427602539063
 378.196242675781
 375.427602539063
 410.312468261719
 388.440211181641
 374.597010498047
 355.216529541016
 393.977491455078
 375.427602539063
 395.638675537109
 357.154577636719
 340.542736816406
 384.840979003906
 383.733522949219
 360.753809814453
 361.861265869141
 325.868944091797
 379.303698730469
 373.766418457031
 331.406224365234
 355.216529541016
 370.167186279297
 382.072338867187
 382.072338867187
 352.447889404297
 372.658962402344
 366.291090087891
 348.848657226563
 357.154577636719
 335.005456542969
 347.187473144531
 372.658962402344
 370.997778320313
 325.868944091797
 372.658962402344
 368.229138183594
 342.480784912109
 371.828370361328
 344.418833007813
 366.291090087891
 333.344272460937
 359.923217773438
 348.018065185547
 334.174864501953
 361.861265869141
 348.018065185547
 340.542736816406
 340.542736816406
 333.344272460937
 336.112912597656
 347.187473144531
 364.629906005859
 347.187473144531
 370.997778320313
 315.901839599609
 356.323985595703
 348.018065185547
 306.765327148438
 340.542736816406
 335.005456542969
 315.901839599609
 308.426511230469
 329.745040283203
 340.542736816406
 318.670479736328
 348.848657226563
 323.100303955078
 308.426511230469
 325.038352050781
 301.228046875
 302.889230957031
 353.555345458984
 287.384846191406
 284.616206054688
 321.439119873047
 289.322894287109
 309.533967285156
 322.269711914063
 309.533967285156
 318.670479736328
 303.996687011719
 295.690766601563
 305.65787109375
 284.616206054688
 295.690766601563
 314.794383544922
 284.616206054688
 299.289998779297
 299.289998779297
 301.228046875
 297.351950683594
 287.384846191406
 282.678157958984
 270.773005371094
 277.417741699219
 297.351950683594
 264.405133056641
 297.351950683594
 294.860174560547
 299.289998779297
 278.248333740234
 302.889230957031
 301.228046875
 279.07892578125
 287.384846191406
 265.235725097656
 279.909517822266
 267.173773193359
 295.690766601563
 260.805900878906
 266.343181152344
 259.698444824219
 256.099212646484
 248.900748291016
 259.698444824219
 264.405133056641
 272.711053466797
 258.037260742188
 247.793292236328
 252.49998046875
 295.690766601563
 246.132108154297
 244.194060058594
 234.226955566406
 245.024652099609
 271.880461425781
 270.773005371094
 246.132108154297
 221.214346923828
 270.773005371094
 250.561932373047
 242.256011962891
 269.111821289063
 277.140877685547
 235.057547607422
 289.322894287109
 250.561932373047
 266.343181152344
 254.438028564453
 234.226955566406
 229.520267333984
 231.458315429688
 236.995595703125
 227.582219238281
 239.487371826172
 243.363468017578
 242.256011962891
 215.677066650391
 215.677066650391
 246.962700195312
 237.826187744141
 212.077834472656
 235.057547607422
 223.152395019531
 231.458315429688
 192.697353515625
 215.677066650391
 216.784522705078
 243.363468017578
 238.656779785156
 245.024652099609
 215.677066650391
 233.119499511719
 239.487371826172
 223.982987060547
 214.015882568359
 222.044938964844
 209.309194335937
 238.656779785156
 235.057547607422
 209.309194335937
 218.445706787109
 212.908426513672
 238.656779785156
 223.982987060547
 231.458315429688
 214.846474609375
 209.309194335937
 209.309194335937
 229.520267333984
 222.044938964844
 200.172681884766
 189.928713378906
 221.214346923828
 214.846474609375
 206.540554199219
 188.267529296875
 165.287816162109
 198.234633789062
 214.846474609375
 202.941322021484
 217.615114746094
 180.792200927734
 218.445706787109
 181.899656982422
 189.098121337891
 214.015882568359
