Berthold Technologies LB2045

Spektrum 

08.12.20  05:42:51

Probe: Cs137 2048 150s

Real Time[s]: 151,938
Live Time[s]: 151,28
DTL(%): 0,47
Energie:E2048

------------------------------------
 0
 42.0558396606445
 254.150397949219
 474.414076171875
 794.673833587647
 1045.79863156128
 1137.92815081787
 1056.84207147217
 885.744392852783
 593.471435211182
 554.441195526123
 454.445116333008
 424.340396575928
 348.246557189941
 372.30007699585
 371.241117004395
 370.333437011719
 412.389276672363
 463.370636260986
 420.407116607666
 451.419516357422
 477.439676147461
 461.403996276855
 496.349675994873
 450.360556365967
 500.434235961914
 505.426475921631
 509.359755889893
 559.43343548584
 556.407835510254
 561.400075469971
 544.45671560669
 542.490075622559
 567.451275421143
 580.461355316162
 565.484635437012
 567.451275421143
 564.425675445557
 571.535835388184
 558.525755493164
 581.520315307617
 560.492395477295
 607.540475097656
 556.407835510254
 534.472235687256
 547.482315582275
 531.44663571167
 600.430315155029
 561.400075469971
 565.484635437012
 506.485435913086
 561.400075469971
 588.479195251465
 541.431115631104
 541.431115631104
 535.379915679932
 543.397755615234
 533.413275695801
 552.474555541992
 550.507915557861
 533.413275695801
 511.477675872803
 549.448955566406
 510.418715881348
 516.46991583252
 535.379915679932
 521.462155792236
 544.45671560669
 536.438875671387
 533.413275695801
 491.357436035156
 484.398556091309
 492.416396026611
 485.457516082764
 484.398556091309
 504.367515930176
 488.33183605957
 488.33183605957
 507.393115905762
 483.339596099854
 508.452075897217
 480.465276123047
 478.347356140137
 469.421836212158
 462.311676269531
 503.4598359375
 475.321756164551
 516.46991583252
 510.418715881348
 450.360556365967
 535.379915679932
 540.372155639648
 557.466795501709
 544.45671560669
 592.412475219727
 579.402395324707
 554.441195526123
 570.476875396728
 568.510235412598
 590.445835235596
 551.415595550537
 576.5280753479
 528.421035736084
 484.398556091309
 516.46991583252
 510.418715881348
 513.444315856934
 505.426475921631
 494.383036010742
 514.351995849609
 481.372956115723
 548.389995574951
 502.400875946045
 480.465276123047
 498.467595977783
 470.329516204834
 451.419516357422
 467.455196228027
 449.301596374512
 447.334956390381
 459.437356292725
 461.403996276855
 440.376076446533
 431.299276519775
 429.332636535645
 425.399356567383
 370.333437011719
 418.289196624756
 413.296956665039
 367.307837036133
 377.292316955566
 400.286876770019
 379.258956939697
 390.302396850586
 374.266716979981
 370.333437011719
 334.328797302246
 373.359036987305
 380.317916931152
 401.345836761475
 397.261276794434
 350.213197174072
 376.233356964111
 371.241117004395
 386.369116882324
 349.305517181397
 351.272157165527
 342.346637237549
 373.359036987305
 364.282237060547
 343.254317230225
 357.323357116699
 358.231037109375
 336.295437286377
 359.28999710083
 314.2085574646
 302.257437561035
 320.259757415772
 321.318717407227
 325.251997375488
 300.290797576904
 342.346637237549
 307.249677520752
 305.283037536621
 312.241917480469
 337.203117279053
 291.213997650147
 322.226397399902
 327.218637359619
 270.186077819824
 317.234157440186
 322.226397399902
 313.300877471924
 287.280717681885
 288.188397674561
 277.296237762451
 287.280717681885
 296.206237609863
 299.231837585449
 310.275277496338
 322.226397399902
 293.180637634277
 339.321037261963
 312.241917480469
 305.283037536621
 356.264397125244
 298.172877593994
 312.241917480469
 280.170557739258
 288.188397674561
 327.218637359619
 266.252797851562
 298.172877593994
 313.300877471924
 305.283037536621
 299.231837585449
 315.267517456055
 285.162797698975
 302.257437561035
 287.280717681885
 253.242717956543
 259.142637908936
 282.288477722168
 277.296237762451
 282.288477722168
 280.170557739258
 266.252797851562
 278.203917755127
 303.31639755249
 278.203917755127
 298.172877593994
 286.22175769043
 278.203917755127
 280.170557739258
 285.162797698975
 319.200797424316
 277.296237762451
 289.247357666016
 278.203917755127
 310.275277496338
 278.203917755127
 264.286157867432
 294.239597625732
 254.150397949219
 300.290797576904
 270.186077819824
 244.165918029785
 273.21167779541
 249.158157989502
 255.209357940674
 232.214798126221
 239.173678070068
 204.227998352051
 238.265998077393
 236.148078094482
 221.171358215332
 194.092238433838
 201.202398376465
 178.207838562012
 187.13335848999
 169.131038635254
 136.151998901367
 177.148878570557
 167.164398651123
 156.120958740234
 161.113198699951
 134.034078918457
 130.100798950195
 116.031759063721
 104.080639160156
 118.149679046631
 107.106239135742
 95.0038392333984
 102.113999176025
 117.090719055176
 103.021679168701
 96.0627992248535
 109.072879119873
 86.0783193054199
 79.1194393615723
 89.1039192810059
 94.0961592407227
 79.1194393615723
 80.0271193542481
 76.0938393859863
 80.0271193542481
 73.0682394104004
 79.1194393615723
 72.0092794189453
 72.0092794189453
 87.137279296875
 87.137279296875
 77.0015193786621
 78.0604793701172
 68.9836794433594
 68.9836794433594
 75.0348793945312
 65.0503994750976
 83.052719329834
 62.0247994995117
 62.0247994995117
 62.0247994995117
 70.0426394348145
 81.0860793457031
 47.0480796203613
 76.0938393859863
 62.0247994995117
 63.0837594909668
 62.0247994995117
 77.0015193786621
 74.1271994018555
 72.0092794189453
 70.0426394348145
 65.0503994750976
 83.052719329834
 49.0147196044922
 84.1116793212891
 65.0503994750976
 73.0682394104004
 94.0961592407227
 90.0115992736816
 70.0426394348145
 86.0783193054199
 101.05503918457
 87.137279296875
 104.080639160156
 108.013919128418
 119.057359039307
 123.141919006348
 137.059678894043
 138.118638885498
 187.13335848999
 216.179118255615
 237.207038085938
 307.249677520752
 320.259757415772
 390.302396850586
 451.419516357422
 510.418715881348
 601.489275146484
 663.514074645996
 808.591593475342
 862.74983303833
 985.740472045898
 1052.90879150391
 1132.93591085815
 1209.93743023682
 1353.04830908203
 1356.07390905762
 1417.19102856445
 1505.235987854
 1582.38878723145
 1568.77358734131
 1620.20878692627
 1680.72078643799
 1518.85118774414
 1521.87678771973
 1388.14526879883
 1324.15382931519
 1331.11270925903
 1206.91183026123
 1104.94911108398
 1041.86535159302
 898.754472747803
 775.612553741455
 705.569914306641
 591.504795227051
 490.44975604248
 440.376076446533
 377.292316955566
 314.2085574646
 236.148078094482
 221.171358215332
 138.118638885498
 144.16983883667
 107.106239135742
 80.0271193542481
 65.0503994750976
 50.9813595886231
 60.0581595153809
 32.9790397338867
 36.0046397094727
 34.0379997253418
 32.0713597412109
 19.9689598388672
 24.0535198059082
 21.0279198303223
 16.9433598632813
 22.0868798217773
 11.0434399108887
 18.0023198547363
 18.0023198547363
 16.0356798706055
 21.0279198303223
 16.0356798706055
 19.9689598388672
 16.0356798706055
 16.9433598632813
 22.9945598144531
 21.0279198303223
 19.9689598388672
 16.0356798706055
 14.9767198791504
 16.9433598632813
 19.0612798461914
 26.0201597900391
 21.0279198303223
 18.0023198547363
 19.0612798461914
 16.9433598632813
 18.0023198547363
 22.0868798217773
 18.0023198547363
 19.9689598388672
 27.0791197814941
 24.961199798584
 24.961199798584
 19.9689598388672
 18.0023198547363
 21.0279198303223
 14.9767198791504
 16.0356798706055
 18.0023198547363
 19.9689598388672
 21.0279198303223
 21.0279198303223
 14.9767198791504
 18.0023198547363
 21.0279198303223
 24.0535198059082
 14.0690398864746
 19.9689598388672
 9.98447991943359
 27.0791197814941
 18.0023198547363
 16.9433598632813
 19.9689598388672
 19.9689598388672
 24.961199798584
 22.9945598144531
 24.0535198059082
 14.0690398864746
 13.0100798950195
 19.0612798461914
 22.0868798217773
 19.9689598388672
 16.9433598632813
 18.0023198547363
 22.0868798217773
 24.0535198059082
 16.0356798706055
 19.9689598388672
 16.0356798706055
 14.9767198791504
 22.9945598144531
 19.9689598388672
 13.0100798950195
 16.9433598632813
 14.0690398864746
 19.9689598388672
 14.9767198791504
 29.9534397583008
 14.9767198791504
 26.0201597900391
 22.9945598144531
 14.0690398864746
 19.0612798461914
 24.961199798584
 18.0023198547363
 16.9433598632813
 29.045759765625
 26.0201597900391
 21.0279198303223
 16.0356798706055
 14.9767198791504
 27.9867997741699
 16.0356798706055
 19.0612798461914
 14.9767198791504
 19.0612798461914
 18.0023198547363
 29.9534397583008
 21.0279198303223
 19.0612798461914
 16.0356798706055
 21.0279198303223
 14.9767198791504
 19.0612798461914
 16.0356798706055
 22.0868798217773
 19.0612798461914
 13.0100798950195
 18.0023198547363
 22.0868798217773
 19.0612798461914
 14.9767198791504
 16.9433598632813
 22.9945598144531
 16.9433598632813
 19.0612798461914
 16.9433598632813
 13.0100798950195
 16.9433598632813
 19.9689598388672
 14.0690398864746
 11.9511199035645
 16.0356798706055
 16.0356798706055
 11.9511199035645
 14.0690398864746
 24.0535198059082
 14.0690398864746
 9.07679992675781
 11.9511199035645
 13.0100798950195
 16.9433598632813
 9.98447991943359
 9.07679992675781
 16.0356798706055
 9.98447991943359
 22.0868798217773
 11.9511199035645
 11.9511199035645
 11.9511199035645
 14.9767198791504
 9.98447991943359
 9.07679992675781
 11.9511199035645
 9.98447991943359
 13.0100798950195
 16.0356798706055
 16.0356798706055
 16.9433598632813
 11.9511199035645
 9.98447991943359
 19.9689598388672
 11.0434399108887
 11.0434399108887
 8.01783993530273
 16.0356798706055
 11.0434399108887
 13.0100798950195
 9.07679992675781
 3.93327996826172
 14.0690398864746
 16.0356798706055
 8.01783993530273
 14.0690398864746
 16.9433598632813
 14.0690398864746
 11.0434399108887
 14.0690398864746
 8.01783993530273
 4.9922399597168
 11.9511199035645
 11.9511199035645
 14.0690398864746
 11.0434399108887
 9.98447991943359
 14.0690398864746
 3.93327996826172
 11.0434399108887
 11.9511199035645
 9.07679992675781
 9.98447991943359
 9.98447991943359
 8.01783993530273
 14.0690398864746
 19.9689598388672
 11.0434399108887
 16.0356798706055
 9.98447991943359
 11.0434399108887
 14.0690398864746
 9.98447991943359
 9.98447991943359
 13.0100798950195
 9.98447991943359
 13.0100798950195
 16.9433598632813
 11.9511199035645
 22.0868798217773
 19.9689598388672
 24.0535198059082
 13.0100798950195
 19.9689598388672
 16.0356798706055
 18.0023198547363
 24.0535198059082
 22.0868798217773
 22.9945598144531
 29.045759765625
 24.961199798584
 36.0046397094727
 29.9534397583008
 32.9790397338867
 42.0558396606445
 31.0123997497559
 29.9534397583008
 42.9635196533203
 29.9534397583008
 32.0713597412109
 27.9867997741699
 29.045759765625
 34.0379997253418
 40.9968796691895
 45.9891196289063
 24.0535198059082
 44.0224796447754
 27.0791197814941
 36.0046397094727
 27.9867997741699
 22.0868798217773
 19.9689598388672
 19.9689598388672
 27.0791197814941
 14.9767198791504
 18.0023198547363
 14.9767198791504
 11.9511199035645
 11.0434399108887
 14.9767198791504
 11.0434399108887
 11.0434399108887
 16.9433598632813
 6.95887994384766
 13.0100798950195
 6.05119995117188
 6.95887994384766
 6.95887994384766
 1.96663998413086
 6.05119995117188
 6.05119995117188
 6.05119995117188
 9.98447991943359
 3.02559997558594
 3.93327996826172
 1.05895999145508
 6.95887994384766
 9.07679992675781
 4.9922399597168
 6.05119995117188
 3.02559997558594
 1.05895999145508
 6.05119995117188
 9.98447991943359
 3.02559997558594
 3.93327996826172
 8.01783993530273
 3.02559997558594
 6.05119995117188
 4.9922399597168
 11.0434399108887
 3.93327996826172
 4.9922399597168
 3.93327996826172
 8.01783993530273
 8.01783993530273
 8.01783993530273
 13.0100798950195
 9.07679992675781
 14.0690398864746
 14.9767198791504
 19.9689598388672
 19.0612798461914
 11.9511199035645
 13.0100798950195
 11.9511199035645
 16.9433598632813
 22.9945598144531
 22.0868798217773
 13.0100798950195
 14.9767198791504
 16.9433598632813
 18.0023198547363
 24.0535198059082
 34.0379997253418
 29.9534397583008
 27.0791197814941
 22.0868798217773
 22.9945598144531
 22.9945598144531
 22.9945598144531
 26.0201597900391
 22.0868798217773
 22.9945598144531
 16.9433598632813
 24.0535198059082
 26.0201597900391
 19.0612798461914
 16.9433598632813
 11.0434399108887
 21.0279198303223
 13.0100798950195
 9.07679992675781
 21.0279198303223
 8.01783993530273
 11.0434399108887
 9.98447991943359
 9.98447991943359
 11.0434399108887
 8.01783993530273
 1.96663998413086
 8.01783993530273
 6.95887994384766
 6.05119995117188
 4.9922399597168
 6.95887994384766
 6.05119995117188
 4.9922399597168
 4.9922399597168
 3.02559997558594
 1.96663998413086
 6.05119995117188
 4.9922399597168
 3.02559997558594
 6.05119995117188
 1.05895999145508
 6.05119995117188
 1.96663998413086
 1.05895999145508
 1.96663998413086
 1.96663998413086
 4.9922399597168
 1.96663998413086
 9.07679992675781
 4.9922399597168
 6.05119995117188
 6.95887994384766
 3.02559997558594
 3.93327996826172
 6.95887994384766
 6.95887994384766
 3.02559997558594
 11.9511199035645
 3.93327996826172
 6.95887994384766
 9.98447991943359
 9.07679992675781
 6.95887994384766
 3.93327996826172
 6.95887994384766
 6.95887994384766
 6.05119995117188
 9.07679992675781
 6.05119995117188
 3.93327996826172
 6.95887994384766
 6.95887994384766
 11.0434399108887
 6.95887994384766
 4.9922399597168
 3.93327996826172
 8.01783993530273
 8.01783993530273
 3.02559997558594
 4.9922399597168
 6.05119995117188
 1.96663998413086
 3.02559997558594
 3.02559997558594
 1.96663998413086
 3.02559997558594
 6.95887994384766
 1.05895999145508
 3.02559997558594
 3.93327996826172
 1.96663998413086
 1.05895999145508
 1.05895999145508
 1.05895999145508
 1.96663998413086
 0
 1.05895999145508
 1.05895999145508
 0
 3.02559997558594
 1.96663998413086
 3.93327996826172
 1.96663998413086
 0
 3.02559997558594
 1.96663998413086
 0
 0
 0
 3.02559997558594
 1.05895999145508
 0
 1.96663998413086
 1.05895999145508
 3.02559997558594
 1.05895999145508
 1.05895999145508
 1.05895999145508
 0
 1.05895999145508
 1.96663998413086
 1.05895999145508
 4.9922399597168
 1.05895999145508
 0
 3.02559997558594
 1.96663998413086
 0
 1.96663998413086
 1.96663998413086
 1.05895999145508
 0
 1.05895999145508
 1.05895999145508
 0
 1.05895999145508
 1.05895999145508
 0
 1.96663998413086
 0
 1.05895999145508
 0
 1.96663998413086
 1.05895999145508
 0
 0
 1.05895999145508
 0
 0
 1.05895999145508
 0
 1.05895999145508
 0
 0
 0
 1.96663998413086
 0
 1.96663998413086
 1.05895999145508
 0
 1.05895999145508
 1.05895999145508
 0
 0
 1.05895999145508
 0
 1.05895999145508
 1.05895999145508
 1.96663998413086
 0
 1.05895999145508
 0
 1.96663998413086
 0
 0
 0
 3.02559997558594
 0
 0
 0
 1.05895999145508
 1.05895999145508
 1.96663998413086
 0
 1.05895999145508
 0
 0
 1.96663998413086
 0
 0
 1.05895999145508
 1.96663998413086
 1.05895999145508
 1.05895999145508
 3.02559997558594
 3.02559997558594
 1.05895999145508
 0
 0
 1.96663998413086
 1.05895999145508
 0
 1.05895999145508
 1.05895999145508
 0
 0
 0
 1.96663998413086
 3.02559997558594
 1.05895999145508
 0
 0
 0
 0
 1.05895999145508
 1.05895999145508
 0
 1.96663998413086
 1.96663998413086
 1.05895999145508
 0
 1.05895999145508
 1.96663998413086
 0
 1.05895999145508
 1.05895999145508
 1.05895999145508
 1.96663998413086
 1.96663998413086
 0
 1.05895999145508
 1.05895999145508
 1.05895999145508
 1.96663998413086
 1.05895999145508
 0
 1.96663998413086
 0
 0
 1.05895999145508
 1.96663998413086
 0
 0
 0
 1.96663998413086
 1.05895999145508
 0
 0
 0
 0
 1.05895999145508
 3.02559997558594
 1.05895999145508
 1.05895999145508
 0
 0
 0
 1.05895999145508
 0
 1.96663998413086
 1.96663998413086
 0
 1.05895999145508
 3.02559997558594
 1.05895999145508
 1.96663998413086
 0
 1.96663998413086
 1.05895999145508
 0
 1.05895999145508
 0
 1.05895999145508
 1.05895999145508
 0
 1.05895999145508
 0
 1.96663998413086
 0
 0
 0
 0
 0
 0
 1.96663998413086
 1.05895999145508
 0
 0
 0
 0
 0
 0
 0
 1.96663998413086
 0
 0
 1.05895999145508
 0
 0
 1.05895999145508
 0
 0
 0
 0
 0
 0
 0
 0
 0
 0
 1.05895999145508
 1.05895999145508
 0
 0
 0
 0
 0
 0
 0
 1.96663998413086
 0
 1.05895999145508
 1.05895999145508
 1.05895999145508
 0
 0
 0
 0
 0
 0
 0
 0
 1.05895999145508
 0
 0
 0
 0
 1.05895999145508
 0
 0
 1.05895999145508
 1.05895999145508
 1.05895999145508
 1.05895999145508
 0
 0
 0
 0
 0
 0
 0
 1.96663998413086
 0
 1.05895999145508
 0
 1.96663998413086
 1.96663998413086
 0
 1.05895999145508
 1.05895999145508
 1.05895999145508
 0
 0
 0
 0
 0
 3.02559997558594
