Berthold Technologies LB2045

Spektrum 

08.12.20  05:51:28

Probe: Cs137 256 150s

Real Time[s]: 153,375
Live Time[s]: 150,59
DTL(%): 1,57
Energie:E256

------------------------------------
 130.261217956543
 158.873508605957
 126.345851867676
 132.218901000977
 135.230721069336
 131.315354980469
 128.303534912109
 130.261217956543
 117.460982666016
 118.515119689941
 118.515119689941
 101.648927307129
 112.491479553223
 94.7217411499023
 119.418665710449
 105.564293395996
 103.606610351562
 103.606610351562
 101.648927307129
 111.587933532715
 101.648927307129
 92.7640581054687
 112.491479553223
 96.6794241943359
 101.648927307129
 91.8605120849609
 94.7217411499023
 101.648927307129
 105.564293395996
 89.7522380371094
 88.8486920166016
 110.533796508789
 108.576113464355
 112.491479553223
 110.533796508789
 112.491479553223
 93.8181951293945
 101.648927307129
 88.8486920166016
 113.545616577148
 121.376348754883
 112.491479553223
 124.388168823242
 127.399988891602
 94.7217411499023
 101.648927307129
 107.52197644043
 108.576113464355
 100.745381286621
 105.564293395996
 110.533796508789
 102.703064331055
 108.576113464355
 99.6912442626953
 108.576113464355
 119.418665710449
 125.29171484375
 113.545616577148
 122.430485778809
 119.418665710449
 106.618430419922
 161.885328674316
 135.230721069336
 154.054596496582
 125.29171484375
 149.085093383789
 128.303534912109
 151.94632244873
 158.873508605957
 153.000459472656
 182.666887145996
 151.042776428223
 167.758377807617
 171.824334899902
 187.485799255371
 224.982959106445
 207.213220703125
 236.879648376465
 222.121730041504
 224.982959106445
 243.806834533691
 273.473262207031
 322.716520324707
 315.939925170898
 327.6860234375
 307.055055969238
 347.413444885254
 370.152686401367
 405.692163208008
 391.837790893555
 426.473721679687
 462.013198486328
 488.667806091309
 505.383407470703
 563.662125793457
 542.880567321777
 526.164965942383
 619.832570068359
 669.226419189453
 625.856210205078
 654.468500854492
 647.541314697266
 613.959520935059
 686.092611572266
 719.523814331055
 679.165425415039
 686.996157592773
 658.383866943359
 681.123108459473
 733.378186645508
 656.426183898926
 683.984337524414
 643.625948608398
 565.619808837891
 598.147465576172
 530.08033203125
 501.468041381836
 476.771116821289
 479.782936889648
 455.086012329102
 474.813433776855
 418.492398498535
 370.152686401367
 354.34063104248
 368.195003356934
 346.509898864746
 322.716520324707
 299.073732788086
 270.461442138672
 271.515579162598
 251.637566711426
 236.879648376465
 220.16404699707
 231.006599243164
 205.255537658691
 190.49761932373
 172.72788092041
 183.570433166504
 177.697384033203
 174.685563964844
 175.73970098877
 157.969962585449
 149.085093383789
 171.824334899902
 156.915825561523
 154.054596496582
 135.230721069336
 122.430485778809
 139.146087158203
 125.29171484375
 157.969962585449
 124.388168823242
 135.230721069336
 138.242541137695
 139.146087158203
 146.07327331543
 136.284858093262
 119.418665710449
 115.503299621582
 125.29171484375
 115.503299621582
 136.284858093262
 126.345851867676
 106.618430419922
 118.515119689941
 149.988639404297
 120.472802734375
 117.460982666016
 141.103770202637
 134.17658404541
 137.18840411377
 140.200224182129
 134.17658404541
 140.200224182129
 115.503299621582
 131.315354980469
 135.230721069336
 133.273038024902
 128.303534912109
 122.430485778809
 132.218901000977
 121.376348754883
 130.261217956543
 141.103770202637
 110.533796508789
 127.399988891602
 99.6912442626953
 141.103770202637
 129.357671936035
 134.17658404541
 113.545616577148
 142.157907226562
 134.17658404541
 129.357671936035
 130.261217956543
 128.303534912109
 131.315354980469
 144.115590270996
 135.230721069336
 134.17658404541
 142.157907226562
 138.242541137695
 127.399988891602
 123.334031799316
 118.515119689941
 149.988639404297
 149.085093383789
 154.95814251709
 148.030956359863
 149.085093383789
 151.042776428223
 137.18840411377
 145.169727294922
 135.230721069336
 146.07327331543
 137.18840411377
 147.127410339355
 130.261217956543
 116.40684564209
 149.988639404297
 138.242541137695
 149.988639404297
 157.969962585449
 144.115590270996
 131.315354980469
 128.303534912109
 158.873508605957
 157.969962585449
 159.927645629883
 149.085093383789
 144.115590270996
 142.157907226562
 169.716060852051
 143.06145324707
 154.054596496582
 149.085093383789
 131.315354980469
 151.94632244873
 175.73970098877
 151.042776428223
 157.969962585449
 135.230721069336
 160.831191650391
 136.284858093262
 156.012279541016
 149.085093383789
 149.085093383789
 139.146087158203
 137.18840411377
 149.988639404297
 135.230721069336
 143.06145324707
 148.030956359863
 137.18840411377
 163.84301171875
 137.18840411377
 148.030956359863
 168.812514831543
 146.07327331543
 137.18840411377
 154.054596496582
 156.012279541016
 133.273038024902
 151.042776428223
 142.157907226562
 148.030956359863
 144.115590270996
 153.000459472656
 169.716060852051
 137.18840411377
 156.012279541016
 174.685563964844
 128.303534912109
 142.157907226562
 149.085093383789
 154.95814251709
 142.157907226562
 141.103770202637
 140.200224182129
 141.103770202637
 149.988639404297
 154.95814251709
 151.94632244873
 140.200224182129
 166.854831787109
 130.261217956543
 130.261217956543
 139.146087158203
 151.042776428223
 139.146087158203
 171.824334899902
 135.230721069336
 154.95814251709
 157.969962585449
 135.230721069336
 144.115590270996
 149.988639404297
 167.758377807617
 149.988639404297
 165.800694763184
 138.242541137695
 154.054596496582
 166.854831787109
 133.273038024902
 158.873508605957
 162.939465698242
 122.430485778809
 128.303534912109
 149.988639404297
 154.95814251709
 161.885328674316
 176.643247009277
 142.157907226562
 138.242541137695
 141.103770202637
 133.273038024902
 149.085093383789
 164.897148742676
 120.472802734375
 143.06145324707
 149.085093383789
 164.897148742676
 139.146087158203
 144.115590270996
 159.927645629883
 164.897148742676
 143.06145324707
 141.103770202637
 124.388168823242
 159.927645629883
 142.157907226562
 143.06145324707
 154.95814251709
 145.169727294922
 135.230721069336
 165.800694763184
 138.242541137695
 132.218901000977
 141.103770202637
 123.334031799316
 147.127410339355
 145.169727294922
 119.418665710449
 171.824334899902
 143.06145324707
 149.085093383789
 149.085093383789
 151.94632244873
 167.758377807617
 128.303534912109
 139.146087158203
 110.533796508789
 151.94632244873
 125.29171484375
 154.95814251709
 146.07327331543
 132.218901000977
 158.873508605957
 158.873508605957
 115.503299621582
 137.18840411377
 153.000459472656
 146.07327331543
 139.146087158203
 162.939465698242
 147.127410339355
 136.284858093262
 122.430485778809
 139.146087158203
 144.115590270996
 128.303534912109
 128.303534912109
 145.169727294922
 147.127410339355
 134.17658404541
 145.169727294922
 133.273038024902
 141.103770202637
 135.230721069336
 143.06145324707
 131.315354980469
 130.261217956543
 136.284858093262
 136.284858093262
 139.146087158203
 143.06145324707
 119.418665710449
 160.831191650391
 128.303534912109
 126.345851867676
 140.200224182129
 139.146087158203
 130.261217956543
 139.146087158203
 149.085093383789
 138.242541137695
 143.06145324707
 126.345851867676
 142.157907226562
 138.242541137695
 159.927645629883
 128.303534912109
 132.218901000977
 149.988639404297
 137.18840411377
 113.545616577148
 146.07327331543
 149.085093383789
 137.18840411377
 158.873508605957
 142.157907226562
 128.303534912109
 154.054596496582
 141.103770202637
 136.284858093262
 137.18840411377
 125.29171484375
 154.95814251709
 147.127410339355
 145.169727294922
 157.969962585449
 154.95814251709
 144.115590270996
 132.218901000977
 138.242541137695
 148.030956359863
 135.230721069336
 143.06145324707
 148.030956359863
 131.315354980469
 146.07327331543
 144.115590270996
 140.200224182129
 129.357671936035
 132.218901000977
 130.261217956543
 151.94632244873
 143.06145324707
 136.284858093262
 145.169727294922
 141.103770202637
 128.303534912109
 143.06145324707
 142.157907226562
 144.115590270996
 151.042776428223
 153.000459472656
 109.630250488281
 121.376348754883
 144.115590270996
 143.06145324707
 160.831191650391
 140.200224182129
 148.030956359863
 139.146087158203
 131.315354980469
 154.054596496582
 141.103770202637
 153.000459472656
 127.399988891602
 133.273038024902
 147.127410339355
 123.334031799316
 127.399988891602
 145.169727294922
 132.218901000977
 120.472802734375
 142.157907226562
 145.169727294922
 146.07327331543
 147.127410339355
 126.345851867676
 157.969962585449
 123.334031799316
 159.927645629883
 146.07327331543
 145.169727294922
 151.94632244873
 129.357671936035
 136.284858093262
 151.042776428223
 141.103770202637
 120.472802734375
 119.418665710449
 130.261217956543
 134.17658404541
 167.758377807617
 138.242541137695
 134.17658404541
 128.303534912109
 113.545616577148
 144.115590270996
 156.915825561523
 132.218901000977
 145.169727294922
 149.085093383789
 132.218901000977
 161.885328674316
 149.988639404297
 153.000459472656
 130.261217956543
 147.127410339355
 151.94632244873
 149.085093383789
 112.491479553223
 136.284858093262
 122.430485778809
 144.115590270996
 129.357671936035
 161.885328674316
 143.06145324707
 122.430485778809
 142.157907226562
 134.17658404541
 122.430485778809
 118.515119689941
 136.284858093262
 140.200224182129
 141.103770202637
 149.988639404297
 144.115590270996
 108.576113464355
 124.388168823242
 131.315354980469
 143.06145324707
 126.345851867676
 132.218901000977
 141.103770202637
 133.273038024902
 131.315354980469
 135.230721069336
 120.472802734375
 136.284858093262
 115.503299621582
 129.357671936035
 113.545616577148
 127.399988891602
 143.06145324707
 112.491479553223
 149.085093383789
 110.533796508789
 156.915825561523
 116.40684564209
 153.000459472656
 154.95814251709
 130.261217956543
 118.515119689941
 136.284858093262
 119.418665710449
 126.345851867676
 133.273038024902
 116.40684564209
 119.418665710449
 128.303534912109
 120.472802734375
 139.146087158203
 135.230721069336
 125.29171484375
 129.357671936035
 127.399988891602
 126.345851867676
 134.17658404541
 119.418665710449
 121.376348754883
 141.103770202637
 140.049633178711
 140.049633178711
 116.40684564209
 142.007316223145
 129.207080932617
 137.037813110352
 145.019136291504
 133.122447021484
 141.103770202637
 119.418665710449
 132.218901000977
 126.195260864258
 150.892185424805
 137.037813110352
 127.249397888184
 117.310391662598
 125.29171484375
 134.17658404541
 123.334031799316
 123.334031799316
 133.122447021484
 145.019136291504
 130.261217956543
 143.06145324707
 128.152943908691
 151.94632244873
 135.080130065918
 139.146087158203
 151.94632244873
 124.237577819824
 142.007316223145
 123.334031799316
 132.218901000977
 127.249397888184
 99.6912442626953
 123.334031799316
 124.237577819824
 129.207080932617
 108.425522460938
 133.122447021484
 137.037813110352
 147.880365356445
 118.364528686523
 103.606610351562
 136.134267089844
 128.152943908691
 142.007316223145
 124.237577819824
 129.207080932617
 125.29171484375
 132.218901000977
 138.091950134277
 126.195260864258
 121.376348754883
 123.334031799316
 122.279894775391
 112.491479553223
 106.467839416504
 118.364528686523
 143.06145324707
 122.279894775391
 126.195260864258
 133.122447021484
 115.352708618164
 119.418665710449
 132.218901000977
 127.249397888184
 132.218901000977
 130.261217956543
 123.334031799316
 126.195260864258
 151.94632244873
 125.29171484375
 142.007316223145
 141.103770202637
 119.418665710449
 143.964999267578
 137.037813110352
 133.122447021484
 128.152943908691
 138.091950134277
 118.364528686523
 154.807551513672
 145.019136291504
 142.007316223145
 153.904005493164
 142.007316223145
 132.218901000977
 120.322211730957
 146.976819335938
 138.091950134277
 150.892185424805
 132.218901000977
 161.734737670898
 130.261217956543
 137.037813110352
 135.080130065918
 151.94632244873
 168.661923828125
 132.218901000977
 138.091950134277
 137.037813110352
 139.146087158203
 156.765234558105
 162.788874694824
 117.310391662598
 126.195260864258
 171.673743896484
 158.873508605957
 136.134267089844
 135.080130065918
 162.788874694824
 173.631426940918
 153.904005493164
 143.06145324707
 165.650103759766
 167.607786804199
 129.207080932617
 159.777054626465
 169.716060852051
 165.650103759766
 135.080130065918
 156.765234558105
 162.788874694824
 148.934502380371
 145.019136291504
 147.880365356445
 146.976819335938
 149.988639404297
 164.746557739258
 160.831191650391
 143.964999267578
 130.261217956543
 146.976819335938
 175.589109985352
 171.673743896484
 153.904005493164
 135.080130065918
 186.431662231445
 179.504476074219
 157.819371582031
 169.716060852051
 164.746557739258
 147.880365356445
 163.692420715332
 166.704240783691
 171.673743896484
 169.716060852051
 153.904005493164
 188.389345275879
 149.988639404297
 174.534972961426
 143.964999267578
 169.716060852051
 180.558613098145
 160.831191650391
 163.692420715332
 163.692420715332
 178.600930053711
 174.534972961426
 143.06145324707
 168.661923828125
 149.988639404297
 171.673743896484
 175.589109985352
 151.94632244873
 185.37752520752
 187.335208251953
 177.546793029785
 162.788874694824
 157.819371582031
 163.692420715332
 183.419842163086
 182.516296142578
 168.661923828125
 172.577289916992
 152.849868469238
 160.831191650391
 178.600930053711
 168.661923828125
 156.765234558105
 159.777054626465
 163.692420715332
 154.807551513672
 157.819371582031
 169.716060852051
 171.673743896484
 157.819371582031
 157.819371582031
 164.746557739258
 158.873508605957
 163.692420715332
 170.619606872559
 176.492656005859
 169.716060852051
 187.335208251953
 161.734737670898
 145.019136291504
 164.746557739258
 146.976819335938
 166.704240783691
 167.607786804199
 155.861688537598
 180.558613098145
 162.788874694824
 175.589109985352
 146.976819335938
 155.861688537598
 159.777054626465
 124.237577819824
 173.631426940918
 141.103770202637
 159.777054626465
 161.734737670898
 147.880365356445
 150.892185424805
 155.861688537598
 152.849868469238
 149.988639404297
 152.849868469238
 171.673743896484
 158.873508605957
 182.516296142578
 177.546793029785
 147.880365356445
 131.164763977051
 158.873508605957
 155.861688537598
 126.195260864258
 150.892185424805
 145.019136291504
 160.831191650391
 152.849868469238
 174.534972961426
 172.577289916992
 147.880365356445
 146.976819335938
 129.207080932617
 138.091950134277
 153.904005493164
 151.94632244873
 155.861688537598
 156.765234558105
 145.019136291504
 139.146087158203
 148.934502380371
 138.091950134277
 146.976819335938
 153.904005493164
 149.988639404297
 152.849868469238
 159.777054626465
 143.06145324707
 145.019136291504
 164.746557739258
 152.849868469238
 141.103770202637
 135.080130065918
 147.880365356445
 130.261217956543
 150.892185424805
 151.94632244873
 145.922682312012
 140.049633178711
 131.164763977051
 143.964999267578
 147.880365356445
 119.418665710449
 135.080130065918
 132.218901000977
 146.976819335938
 132.218901000977
 154.807551513672
 127.249397888184
 143.964999267578
 132.218901000977
 136.134267089844
 132.218901000977
 146.976819335938
 143.964999267578
 134.17658404541
 149.988639404297
 122.279894775391
 130.261217956543
 136.134267089844
 137.037813110352
 145.922682312012
 134.17658404541
 141.103770202637
 141.103770202637
 152.849868469238
 140.049633178711
 157.819371582031
 127.249397888184
 116.40684564209
 135.080130065918
 132.218901000977
 157.819371582031
 148.934502380371
 137.037813110352
 140.049633178711
 157.819371582031
 130.261217956543
 146.976819335938
 134.17658404541
 135.080130065918
 150.892185424805
 152.849868469238
 140.049633178711
 126.195260864258
 129.207080932617
 130.261217956543
 119.418665710449
 147.880365356445
 123.334031799316
 133.122447021484
 128.152943908691
 135.080130065918
 103.606610351562
 123.334031799316
 119.418665710449
 124.237577819824
 121.376348754883
 129.207080932617
 146.976819335938
 134.17658404541
 132.218901000977
 127.249397888184
 124.237577819824
 131.164763977051
 113.39502557373
 120.322211730957
 145.019136291504
 109.479659484863
 138.091950134277
 114.449162597656
 115.352708618164
 121.376348754883
 136.134267089844
 131.164763977051
 104.51015637207
 115.352708618164
 130.261217956543
 100.594790283203
 123.334031799316
 115.352708618164
 120.322211730957
 122.279894775391
 106.467839416504
 132.218901000977
 130.261217956543
 120.322211730957
 135.080130065918
 115.352708618164
 123.334031799316
 125.29171484375
 122.279894775391
 114.449162597656
 119.418665710449
 115.352708618164
 109.479659484863
 113.39502557373
 103.606610351562
 112.491479553223
 107.52197644043
 118.364528686523
 113.39502557373
 101.648927307129
 127.249397888184
 102.552473327637
 120.322211730957
 117.310391662598
 115.352708618164
 95.6252871704102
 114.449162597656
 114.449162597656
 117.310391662598
 111.437342529297
 116.40684564209
 103.606610351562
 115.352708618164
 83.8791889038086
 120.322211730957
 122.279894775391
 103.606610351562
 92.7640581054687
 93.6676041259766
 106.467839416504
 120.322211730957
 88.6981010131836
 97.5829702148438
 93.6676041259766
 105.564293395996
 108.425522460938
 108.425522460938
 125.29171484375
 102.552473327637
 117.310391662598
 93.6676041259766
 116.40684564209
 96.6794241943359
 109.479659484863
 124.237577819824
 110.533796508789
 91.709921081543
 105.564293395996
 80.8673688354492
 120.322211730957
 102.552473327637
 95.6252871704102
 98.6371072387695
 94.7217411499023
 82.8250518798828
 99.6912442626953
 115.352708618164
 88.6981010131836
 102.552473327637
 115.352708618164
 102.552473327637
 113.39502557373
 101.648927307129
 94.7217411499023
 90.8063750610352
 99.6912442626953
 107.52197644043
 98.6371072387695
 96.6794241943359
 98.6371072387695
 94.7217411499023
 93.6676041259766
 93.6676041259766
 101.648927307129
 91.709921081543
 92.7640581054687
 105.564293395996
 93.6676041259766
 90.8063750610352
 87.7945549926758
 105.564293395996
 73.0366366577148
 77.8555487670898
 90.8063750610352
 97.5829702148438
 88.6981010131836
 88.6981010131836
 91.709921081543
 88.6981010131836
 74.9943197021484
 93.6676041259766
 100.594790283203
 94.7217411499023
 101.648927307129
 106.467839416504
 98.6371072387695
 81.921505859375
 96.6794241943359
 117.310391662598
 100.594790283203
 92.7640581054687
