Berthold Technologies LB2045

Spektrum 

08.12.20  02:58:39

Real Time[s]: 61,5
Live Time[s]: 56,56
DTL(%): 8,77
Energie:E2048

------------------------------------
 39.1988514289856
 47.6268873062134
 119.463166259766
 256.687428260803
 395.77830223465
 552.630271949768
 687.252589988709
 885.792227096558
 936.13418636322
 1037.94938488007
 1115.44206375122
 1162.95582305908
 1228.57006210327
 1231.96390205383
 1247.23618183136
 1258.54898166656
 1221.78238220215
 1187.27834270477
 1174.26862289429
 1177.09682285309
 1182.75322277069
 1185.58142272949
 1190.10654266357
 1122.22974365234
 1181.05630279541
 1088.29134414673
 1122.7953836441
 1195.76294258118
 1119.9671836853
 1110.91694381714
 1069.62522441864
 1113.74514377594
 1147.1179032898
 1140.89586338043
 1147.1179032898
 1140.33022338867
 1168.61222297668
 1172.00606292725
 1164.65274303436
 1116.00770374298
 1147.1179032898
 1167.48094299316
 1092.81646408081
 1192.93474262238
 1119.9671836853
 1182.18758277893
 1058.31242458344
 1137.50202342987
 1188.97526268005
 1107.52310386658
 1175.96554286957
 1134.67382347107
 1121.66410366058
 1183.31886276245
 1194.63166259766
 1131.84562351227
 1162.95582305908
 1119.9671836853
 1142.02714336395
 1179.35938282013
 1200.85370250702
 1147.1179032898
 1126.18922359467
 1165.78402301788
 1125.62358360291
 1152.7743032074
 1142.02714336395
 1140.33022338867
 1190.10654266357
 1205.94446243286
 1169.17786296844
 1098.47286399841
 1167.48094299316
 1160.69326309204
 1141.46150337219
 1161.82454307556
 1235.35774200439
 1248.93310180664
 1212.16650234222
 1134.10818347931
 1121.66410366058
 1200.28806251526
 1270.99306148529
 1235.35774200439
 1207.64138240814
 1209.33830238342
 1216.69162227631
 1243.8423418808
 1335.47602054596
 1387.5148997879
 1412.96869941711
 1378.46465991974
 1488.76445831299
 1497.81469818115
 1535.14693763733
 1522.13721782684
 1506.29929805756
 1574.17609706879
 1579.83249698639
 1566.8227771759
 1633.00265621185
 1572.47917709351
 1630.17445625305
 1645.44673603058
 1583.79197692871
 1588.31709686279
 1547.59101745605
 1524.96541778564
 1468.40141860962
 1547.02537746429
 1473.49217853546
 1479.71421844482
 1446.90709892273
 1427.67533920288
 1429.37225917816
 1437.85685905457
 1377.89901992798
 1397.69641963959
 1403.91845954895
 1377.89901992798
 1263.07410160065
 1307.19402095795
 1304.36582099915
 1361.49546016693
 1249.4987417984
 1276.08382141113
 1256.85206169128
 1268.73050151825
 1244.40798187256
 1213.8634223175
 1251.19566177368
 1225.17622215271
 1270.99306148529
 1241.014141922
 1190.67218265533
 1242.71106189728
 1255.155141716
 1272.68998146057
 1235.35774200439
 1216.69162227631
 1252.3269417572
 1228.57006210327
 1247.23618183136
 1192.36910263062
 1242.71106189728
 1259.68026165009
 1261.37718162537
 1180.49066280365
 1177.66246284485
 1176.53118286133
 1214.99470230103
 1185.58142272949
 1152.20866321564
 1169.17786296844
 1185.58142272949
 1140.33022338867
 1167.48094299316
 1107.52310386658
 1186.71270271301
 1140.33022338867
 1126.18922359467
 1135.23946346283
 1087.16006416321
 1111.4825838089
 1173.70298290253
 1117.70462371826
 1132.41126350403
 1106.39182388306
 1132.41126350403
 1087.16006416321
 1071.88778438568
 1116.00770374298
 1122.22974365234
 1100.16978397369
 1048.69654472351
 1116.57334373474
 1091.68518409729
 1036.81810489655
 1069.05958442688
 1167.48094299316
 1066.23138446808
 1056.04986461639
 1067.3626644516
 1069.05958442688
 1065.66574447632
 1081.50366424561
 1053.78730464935
 1024.93966506958
 1048.69654472351
 1040.21194484711
 1027.20222503662
 1053.78730464935
 1119.40154369354
 991.566905555725
 1063.40318450928
 1037.38374488831
 1069.05958442688
 1056.61550460815
 1052.09038467407
 1069.62522441864
 1043.04014480591
 1014.19250522614
 1033.42426494598
 1079.24110427856
 1069.62522441864
 1089.42262413025
 1002.87970539093
 1057.74678459167
 1027.20222503662
 1096.21030403137
 1016.45506519318
 1077.54418430328
 1014.19250522614
 1046.43398475647
 1000.05150543213
 1030.03042499542
 1064.5344644928
 971.203865852356
 1018.71762516022
 961.587985992432
 1007.40482532501
 1109.78566383362
 1063.40318450928
 1000.61714542389
 1009.10174530029
 983.082305679321
 1010.23302528381
 1014.7581452179
 1035.12118492126
 981.951025695801
 1086.59442417145
 1019.28326515198
 1056.04986461639
 1040.77758483887
 1007.40482532501
 1035.12118492126
 1027.20222503662
 1037.38374488831
 1004.57662536621
 1011.92994525909
 1045.86834476471
 1034.5555449295
 989.869985580444
 920.861906585693
 1020.4145451355
 998.920225448608
 968.375665893555
 1020.4145451355
 1046.43398475647
 1045.86834476471
 1024.93966506958
 968.941305885315
 1005.70790534973
 996.092025489807
 1027.76786502838
 1008.53610530853
 1017.5863451767
 962.719265975952
 1056.61550460815
 1035.12118492126
 995.526385498047
 1067.92830444336
 992.698185539246
 967.244385910034
 1014.19250522614
 1050.39346469879
 1043.60578479767
 1014.19250522614
 993.263825531006
 1005.70790534973
 1041.90886482239
 1011.36430526733
 1032.85862495422
 1035.12118492126
 1019.28326515198
 1011.92994525909
 979.122825736999
 1012.49558525085
 957.62850605011
 983.647945671082
 1070.75650440216
 992.132545547485
 1006.27354534149
 960.456706008911
 970.638225860596
 1024.93966506958
 972.900785827637
 981.951025695801
 1010.79866527557
 1023.80838508606
 968.941305885315
 963.284905967712
 1015.32378520966
 1006.27354534149
 989.304345588684
 977.991545753479
 1009.10174530029
 1042.47450481415
 1003.44534538269
 973.466425819397
 1018.15198516846
 1028.33350502014
 1020.4145451355
 1004.57662536621
 1007.97046531677
 1046.43398475647
 1055.48422462463
 988.738705596924
 1053.78730464935
 964.981825942993
 1011.92994525909
 981.951025695801
 996.657665481567
 973.466425819397
 1072.45342437744
 1053.78730464935
 1012.49558525085
 1013.62686523438
 1063.96882450104
 1009.66738529205
 1006.27354534149
 1037.94938488007
 1020.4145451355
 975.163345794678
 1070.75650440216
 1102.43234394073
 989.304345588684
 1048.13090473175
 1033.42426494598
 1055.48422462463
 1010.79866527557
 1005.14226535797
 1063.96882450104
 997.788945465088
 1001.74842540741
 1052.65602466583
 1062.83754451752
 1022.11146511078
 1030.59606498718
 1062.27190452576
 1023.80838508606
 1023.2427450943
 1039.64630485535
 1070.75650440216
 1086.59442417145
 1027.76786502838
 1072.45342437744
 984.779225654602
 1056.04986461639
 1083.20058422089
 1043.04014480591
 1009.66738529205
 1030.03042499542
 1008.53610530853
 1043.04014480591
 1058.8780645752
 1039.64630485535
 1053.22166465759
 1076.97854431152
 1032.29298496246
 996.657665481567
 1070.1908644104
 1032.85862495422
 1075.847264328
 1042.47450481415
 1103.56362392426
 1091.68518409729
 1016.45506519318
 1045.30270477295
 1067.3626644516
 1061.706264534
 1006.83918533325
 1073.0190643692
 1012.49558525085
 1101.86670394897
 1113.17950378418
 1103.56362392426
 1091.68518409729
 1073.0190643692
 1053.22166465759
 1080.37238426209
 1086.02878417969
 1001.18278541565
 1074.71598434448
 1108.6543838501
 1100.16978397369
 1074.71598434448
 1062.83754451752
 1076.97854431152
 1081.50366424561
 1058.31242458344
 1088.85698413849
 1092.81646408081
 1125.05794361114
 1142.02714336395
 1114.87642375946
 1127.88614356995
 1098.47286399841
 1121.66410366058
 1087.72570415497
 1167.48094299316
 1124.49230361938
 1183.88450275421
 1169.17786296844
 1156.16814315796
 1222.34802219391
 1165.21838302612
 1112.04822380066
 1198.02550254822
 1167.48094299316
 1245.53926185608
 1120.53282367706
 1202.5506224823
 1130.71434352875
 1212.73214233398
 1109.22002384186
 1211.0352223587
 1231.39826206207
 1166.34966300964
 1219.51982223511
 1173.70298290253
 1226.87314212799
 1172.57170291901
 1159.56198310852
 1191.23782264709
 1212.16650234222
 1191.23782264709
 1205.3788224411
 1190.67218265533
 1146.55226329803
 1186.14706272125
 1237.62030197144
 1187.27834270477
 1238.1859419632
 1190.10654266357
 1185.01578273773
 1251.19566177368
 1219.51982223511
 1205.94446243286
 1209.33830238342
 1274.95254142761
 1252.3269417572
 1217.82290225983
 1233.66082202911
 1205.94446243286
 1171.44042293549
 1218.95418224335
 1203.68190246582
 1144.28970333099
 1166.34966300964
 1277.78074138641
 1173.13734291077
 1164.0871030426
 1227.43878211975
 1174.83426288605
 1208.77266239166
 1190.10654266357
 1203.11626247406
 1266.46794155121
 1209.33830238342
 1095.64466403961
 1134.10818347931
 1162.95582305908
 1141.46150337219
 1102.43234394073
 1078.10982429504
 1083.76622421265
 1096.77594402313
 1055.48422462463
 1023.2427450943
 1023.80838508606
 1010.23302528381
 972.900785827637
 971.769505844116
 949.709546165466
 948.578266181946
 899.367586898804
 967.244385910034
 948.578266181946
 863.732267417908
 804.905708274841
 892.01426700592
 923.690106544494
 829.228227920532
 902.761426849365
 847.894347648621
 865.429187393189
 857.510227508545
 860.338427467346
 825.834387969971
 808.865188217163
 826.400027961731
 772.664228744507
 817.349788093567
 806.036988258362
 828.662587928772
 743.816589164734
 821.874908027649
 797.552388381958
 809.996468200684
 814.521588134766
 785.673948554993
 772.664228744507
 797.552388381958
 756.82630897522
 711.009469642639
 764.745268859863
 782.845748596191
 737.028909263611
 782.845748596191
 770.401668777466
 793.027268447876
 759.654508934021
 784.542668571472
 793.027268447876
 761.917068901062
 780.58318862915
 787.370868530273
 782.280108604431
 755.695028991699
 750.604269065857
 715.534589576721
 724.019189453125
 733.069429321289
 742.685309181213
 763.613988876343
 720.059709510803
 724.019189453125
 735.89762928009
 744.382229156494
 675.374150161743
 656.708030433655
 724.019189453125
 733.069429321289
 702.524869766235
 665.192630310059
 665.192630310059
 703.090509757996
 607.497351150513
 642.567030639648
 632.385510787964
 636.344990730286
 638.041910705566
 650.485990524292
 665.192630310059
 653.314190483093
 650.485990524292
 647.657790565491
 688.383869972229
 683.858750038147
 681.030550079346
 721.756629486084
 750.038629074097
 829.793867912293
 841.106667747498
 885.226587104797
 951.972106132507
 980.25410572052
 1045.30270477295
 1100.16978397369
 1156.16814315796
 1270.42742149353
 1418.05945934296
 1386.38361980438
 1570.78225711823
 1624.51805633545
 1811.74489360809
 1820.2294934845
 1906.20677223206
 2010.28453071594
 2181.6734482193
 2276.70096683502
 2319.6896062088
 2492.77544368744
 2547.64252288818
 2548.7738028717
 2545.9456029129
 2642.10440151215
 2603.07524208069
 2673.78024105072
 2685.65868087769
 2612.12548194885
 2535.76408306122
 2647.76080142975
 2515.40104335785
 2420.93916473389
 2426.59556465149
 2230.31848751068
 2190.1580480957
 2074.76748977661
 1931.09493186951
 1866.61197280884
 1806.08849369049
 1656.19389587402
 1528.92489772797
 1398.26205963135
 1360.36418018341
 1216.69162227631
 1130.14870353699
 1040.77758483887
 893.145546989441
 855.247667541504
 783.411388587952
 681.030550079346
 609.194271125793
 554.157499927521
 540.186192131043
 434.015565677643
 453.586709392548
 390.235030315399
 362.292414722443
 342.721271007538
 257.026812255859
 282.197791889191
 260.760036201477
 245.883704418182
 230.045784648895
 237.512232540131
 242.150480472565
 270.093096065521
 227.217584690094
 249.6169283638
 242.150480472565
 284.969427848816
 313.873631427765
 290.569263767242
 308.273795509338
 309.178819496155
 345.549470966339
 372.530498573303
 451.720097419739
 454.491733379364
 455.39675736618
 569.033831710815
 599.012751274109
 684.424390029907
 696.868469848633
 798.118028373718
 847.32870765686
 915.771146659851
 962.719265975952
 1028.33350502014
 1131.84562351227
 1170.87478294373
 1330.95090061188
 1375.63645996094
 1422.01893928528
 1492.72393825531
 1617.73037643433
 1683.91025547028
 1800.43209377289
 1841.15817317963
 1911.2975321579
 1974.64921123505
 2008.0219707489
 2022.72861053467
 2096.2618094635
 2048.74805015564
 2140.94736881256
 1988.22457103729
 1995.57789093018
 2100.22128940582
 1992.18405097961
 1979.17433116913
 1929.96365188599
 1885.27809253693
 1790.2505739212
 1764.79677429199
 1633.56829620361
 1560.03509727478
 1484.80497837067
 1394.30257968903
 1365.45494010925
 1238.75158195496
 1129.01742355347
 1074.71598434448
 989.869985580444
 908.983466758728
 830.359507904053
 805.471348266602
 709.312549667358
 692.908989906311
 611.456831092834
 583.740471496582
 463.711665245056
 432.035825706482
 374.28398254776
 387.350266357422
 324.960175266266
 288.646087795258
 253.237024311066
 266.303308120728
 220.656160785675
 203.913217029572
 185.303661300659
 189.941909233093
 148.989573829651
 165.732517585754
 165.732517585754
 123.81859419632
 134.05667804718
 126.646794155121
 135.923290019989
 126.646794155121
 109.847286399841
 120.085370250702
 134.05667804718
 102.437402507782
 119.180346263886
 115.447122318268
 86.5994827384949
 103.342426494598
 96.8375665893555
 107.075650440216
 87.5045067253113
 111.71389837265
 98.7041785621643
 107.980674427032
 105.209038467407
 91.237730670929
 91.237730670929
 102.437402507782
 107.980674427032
 112.675486358643
 93.1043426437378
 98.7041785621643
 94.9709546165466
 95.875978603363
 97.7425905761719
 93.1043426437378
 94.0659306297302
 85.6378947525024
 94.0659306297302
 87.5045067253113
 94.0659306297302
 99.6092025489807
 93.1043426437378
 106.1706264534
 99.6092025489807
 99.6092025489807
 95.875978603363
 94.9709546165466
 78.2280108604431
 106.1706264534
 92.1993186569214
 98.7041785621643
 78.2280108604431
 90.3327066841126
 87.5045067253113
 95.875978603363
 105.209038467407
 89.3711186981201
 99.6092025489807
 105.209038467407
 100.570790534973
 77.2664228744507
 103.342426494598
 80.9996468200683
 105.209038467407
 101.47581452179
 94.9709546165466
 103.342426494598
 101.47581452179
 97.7425905761719
 84.732870765686
 72.6281749420166
 80.9996468200683
 94.0093666305542
 88.4095307121277
 86.5429187393189
 94.0093666305542
 104.247450481415
 67.9333630104065
 102.380838508606
 79.1330348472595
 93.1043426437378
 86.5429187393189
 90.2761426849365
 85.6378947525024
 80.9996468200683
 98.6476145629883
 103.342426494598
 92.1427546577454
 81.9046708068848
 88.4095307121277
 72.6281749420166
 84.732870765686
 72.6281749420166
 76.3048348884582
 77.2664228744507
 73.533198928833
 75.3998109016418
 88.4095307121277
 78.1714468612671
 72.6281749420166
 77.2664228744507
 77.2664228744507
 80.9996468200683
 84.732870765686
 80.9996468200683
 77.2664228744507
 82.8662587928772
 91.237730670929
 80.9996468200683
 77.2664228744507
 75.3998109016418
 72.6281749420166
 78.1714468612671
 70.7615629692078
 77.2664228744507
 80.0380588340759
 83.7712827796936
 92.1427546577454
 73.533198928833
 82.8662587928772
 62.390091091156
 56.7902551727295
 80.9996468200683
 81.9046708068848
 85.6378947525024
 79.1330348472595
 65.1617270507813
 63.2951150779724
 71.6665869560242
 79.1330348472595
 62.390091091156
 61.4285031051636
 67.9333630104065
 73.533198928833
 76.3048348884582
 84.732870765686
 75.3998109016418
 76.3048348884582
 67.9333630104065
 75.3998109016418
 54.9236431999207
 68.8949509963989
 59.5618911323547
 76.3048348884582
 66.0667510375977
 69.7999749832153
 72.6281749420166
 67.0283390235901
 64.2567030639648
 72.6281749420166
 67.9333630104065
 84.732870765686
 71.6665869560242
 70.7615629692078
 80.0380588340759
 67.0283390235901
 70.7615629692078
 69.7999749832153
 67.9333630104065
 53.9620552139282
 71.6665869560242
 68.8383869972229
 64.2001390647888
 63.2951150779724
 80.0380588340759
 62.33352709198
 72.5716109428406
 74.4382229156494
 87.5045067253113
 62.33352709198
 67.9333630104065
 67.9333630104065
 59.5618911323547
 77.2664228744507
 57.6952791595459
 55.8286671867371
 59.5618911323547
 56.7902551727295
 52.0954432411194
 71.6665869560242
 65.1617270507813
 66.0667510375977
 79.0764708480835
 76.3048348884582
 80.9430828208923
 67.0283390235901
 74.4382229156494
 72.5716109428406
 78.1714468612671
 72.5716109428406
 53.0570312271118
 67.9333630104065
 61.4285031051636
 54.9236431999207
 59.5618911323547
 64.2001390647888
 48.4187832946777
 65.1617270507813
 72.5716109428406
 69.7999749832153
 60.4669151191711
 58.6568671455383
 73.533198928833
 58.6568671455383
 44.6855593490601
 60.4669151191711
 66.0667510375977
 62.33352709198
 58.6568671455383
 67.9333630104065
 60.4669151191711
 61.4285031051636
 45.5905833358765
 65.1617270507813
 66.0667510375977
 50.2288312683106
 57.6952791595459
 65.1617270507813
 62.33352709198
 40.9523354034424
 66.0667510375977
 66.0667510375977
 55.8286671867371
 62.33352709198
 56.7902551727295
 57.6952791595459
 48.4187832946777
 65.1617270507813
 50.2288312683106
 59.5618911323547
 59.5618911323547
 54.9236431999207
 58.6568671455383
 45.5905833358765
 44.6855593490601
 51.190419254303
 53.9620552139282
 57.6952791595459
 54.9236431999207
 48.3622192955017
 53.9620552139282
 49.3238072814941
 59.5053271331787
 53.0004672279358
 43.7239713630676
 52.0954432411194
 55.8286671867371
 43.7239713630676
 45.5905833358765
 53.9620552139282
 65.1051630516052
 42.7623833770752
 52.0954432411194
 58.6003031463623
 46.4956073226929
 43.7239713630676
 37.2191114578247
 54.8670792007446
 55.8286671867371
 51.133855255127
 45.5905833358765
 41.8573593902588
 35.3524994850159
 51.133855255127
 53.0004672279358
 41.8573593902588
 42.7623833770752
 54.8670792007446
 53.0004672279358
 49.3238072814941
 48.3622192955017
 44.628995349884
 46.4956073226929
 37.2191114578247
 37.2191114578247
 45.5905833358765
 63.2385510787964
 54.8670792007446
 52.0954432411194
 31.6192755393982
 42.7623833770752
 55.8286671867371
 53.0004672279358
 41.8573593902588
 52.0954432411194
 39.9907474174499
 45.5905833358765
 58.6003031463623
 50.2288312683106
 42.7623833770752
 57.6952791595459
 48.3622192955017
 36.2575234718323
 40.9523354034424
 37.2191114578247
 43.7239713630676
 56.7336911735535
 54.8670792007446
 41.8573593902588
 41.8573593902588
 39.0857234306335
 43.7239713630676
 50.2288312683106
 65.1051630516052
 41.8573593902588
 53.0004672279358
 45.5905833358765
 37.2191114578247
 32.5808635253906
 37.2191114578247
 54.8670792007446
 39.9907474174499
 32.5808635253906
 44.628995349884
 50.2288312683106
 42.7623833770752
 49.3238072814941
 47.4571953086853
 50.2288312683106
 32.5242995262146
 43.7239713630676
 38.1241354446411
 36.2575234718323
 39.9907474174499
 50.2288312683106
 30.7142515525818
 39.0291594314575
 48.3622192955017
 47.4006313095093
