Berthold Technologies LB2045

Spektrum 

08.12.20  05:04:34

Probe: Nulleffekt

Real Time[s]: 301
Live Time[s]: 300,75
DTL(%): 0,08
Energie:E2048

------------------------------------
 2.10527798461914
 11.1278979187012
 46.9176236572266
 80.9028254089356
 105.865407226562
 105.865407226562
 138.948346984863
 155.790570861816
 154.888308868408
 174.738072723389
 198.798392547607
 182.858430664062
 173.83581072998
 175.9410887146
 199.700654541016
 227.67077633667
 223.760974365234
 233.685856292725
 279.701217956543
 259.851454101563
 319.701499664307
 318.799237670898
 334.739199554443
 364.814599334717
 414.739762969971
 403.61186505127
 421.657104919434
 468.57472857666
 431.581986846924
 462.559648620605
 485.717706451416
 473.687546539307
 556.394895935059
 539.552672058105
 537.447394073486
 499.552390350342
 566.620531860352
 527.522512145996
 557.59791192627
 552.485093963623
 571.432595825195
 540.454934051514
 522.710448181152
 548.575291992188
 549.477553985596
 529.627790130615
 546.470014007568
 552.485093963623
 496.544850372314
 517.597630218506
 504.665208312988
 502.559930328369
 515.492352233887
 538.650410064697
 508.575010284424
 469.476990570068
 531.432314117432
 529.627790130615
 441.506868774414
 484.514690460205
 500.45465234375
 458.64984664917
 488.725246429443
 452.634766693115
 444.514408752441
 414.739762969971
 446.619686737061
 434.589526824951
 451.732504699707
 437.597066802979
 392.784721130371
 425.566906890869
 381.65682321167
 388.574165161133
 389.777181152344
 394.589245117187
 358.799519378662
 369.626663299561
 395.792261108398
 354.588963409424
 353.686701416016
 336.844477539063
 353.686701416016
 348.573883453369
 332.633921569824
 331.731659576416
 311.881895721436
 308.874355743408
 300.753997802734
 308.874355743408
 350.679161437988
 327.82185760498
 269.776336029053
 310.678879730225
 270.678598022461
 293.836655853271
 287.821575897217
 311.881895721436
 321.806777648926
 283.911773925781
 251.731096160889
 289.626099884033
 236.693396270752
 275.791415985107
 239.700936248779
 269.776336029053
 247.821294189453
 245.716016204834
 237.896412261963
 249.926572174072
 233.685856292725
 217.74589440918
 231.881332305908
 190.978788604736
 262.85899407959
 226.768514343262
 214.738354431152
 228.873792327881
 245.716016204834
 207.821012481689
 216.843632415771
 230.678316314697
 218.948910400391
 210.828552459717
 206.918750488281
 206.918750488281
 187.971248626709
 189.775772613525
 190.978788604736
 164.813190795898
 173.83581072998
 158.798110839844
 150.978506896973
 152.783030883789
 148.873228912354
 151.880768890381
 155.790570861816
 160.001126831055
 129.023465057373
 127.820449066162
 121.805369110107
 126.918187072754
 108.87294720459
 161.805650817871
 133.835529022217
 120.903107116699
 120.000845123291
 113.985765167236
 127.820449066162
 126.015925079346
 120.903107116699
 126.015925079346
 112.782749176025
 112.782749176025
 129.023465057373
 109.775209197998
 111.880487182617
 95.9405252990723
 111.880487182617
 83.9103653869629
 110.978225189209
 87.8201673583984
 101.053343261719
 105.865407226562
 83.9103653869629
 109.775209197998
 86.015643371582
 98.0458032836914
 92.9329853210449
 102.857867248535
 105.865407226562
 80.9028254089356
 84.8126273803711
 74.8877454528809
 104.060883239746
 98.0458032836914
 104.060883239746
 95.9405252990723
 83.9103653869629
 83.0081033935547
 101.053343261719
 89.9254453430176
 92.0307233276367
 76.9930234375
 75.7900074462891
 80.0005634155274
 70.9779434814453
 61.0530615539551
 83.9103653869629
 87.8201673583984
 61.9553235473633
 75.7900074462891
 55.0379815979004
 52.030441619873
 58.0455215759277
 70.0756814880371
 61.9553235473633
 65.8651255187988
 61.0530615539551
 52.9327036132812
 55.9402435913086
 56.8425055847168
 49.0229016418457
 43.007821685791
 55.9402435913086
 58.9477835693359
 52.030441619873
 74.8877454528809
 50.8274256286621
 49.0229016418457
 50.8274256286621
 52.030441619873
 52.030441619873
 46.9176236572266
 55.0379815979004
 49.9251636352539
 43.007821685791
 50.8274256286621
 58.9477835693359
 45.1130996704102
 52.030441619873
 56.8425055847168
 40.9025437011719
 49.9251636352539
 39.0980197143555
 33.985201751709
 28.8723837890625
 49.9251636352539
 46.9176236572266
 43.007821685791
 40.9025437011719
 43.9100836791992
 49.9251636352539
 49.0229016418457
 40.0002817077637
 50.8274256286621
 43.9100836791992
 42.1055596923828
 42.1055596923828
 30.9776617736816
 25.8648438110352
 46.0153616638184
 25.8648438110352
 36.9927417297363
 33.0829397583008
 53.8349656066895
 45.1130996704102
 36.9927417297363
 34.8874637451172
 37.8950037231445
 34.8874637451172
 27.9701217956543
 27.9701217956543
 36.0904797363281
 34.8874637451172
 39.0980197143555
 36.0904797363281
 43.9100836791992
 36.9927417297363
 33.985201751709
 43.9100836791992
 30.0753997802734
 30.9776617736816
 34.8874637451172
 36.0904797363281
 36.0904797363281
 30.9776617736816
 33.985201751709
 36.9927417297363
 30.9776617736816
 33.985201751709
 39.0980197143555
 36.0904797363281
 33.0829397583008
 25.8648438110352
 27.0678598022461
 39.0980197143555
 34.8874637451172
 30.9776617736816
 25.8648438110352
 34.8874637451172
 34.8874637451172
 33.0829397583008
 25.8648438110352
 33.0829397583008
 30.9776617736816
 43.007821685791
 24.962581817627
 39.0980197143555
 28.8723837890625
 33.0829397583008
 33.985201751709
 28.8723837890625
 43.007821685791
 30.9776617736816
 39.0980197143555
 49.9251636352539
 36.9927417297363
 30.0753997802734
 40.9025437011719
 46.0153616638184
 40.0002817077637
 36.0904797363281
 34.8874637451172
 36.0904797363281
 34.8874637451172
 39.0980197143555
 39.0980197143555
 43.9100836791992
 25.8648438110352
 40.9025437011719
 33.985201751709
 30.9776617736816
 40.9025437011719
 30.9776617736816
 30.9776617736816
 28.8723837890625
 33.0829397583008
 27.0678598022461
 30.9776617736816
 37.8950037231445
 21.9550418395996
 31.8799237670898
 31.8799237670898
 19.8497638549805
 21.0527798461914
 27.0678598022461
 30.0753997802734
 12.9324219055176
 24.962581817627
 18.9475018615723
 18.9475018615723
 15.9399618835449
 30.9776617736816
 18.9475018615723
 15.9399618835449
 27.0678598022461
 30.0753997802734
 18.9475018615723
 24.962581817627
 21.0527798461914
 18.9475018615723
 21.0527798461914
 24.962581817627
 33.985201751709
 15.9399618835449
 24.0603198242188
 22.8573038330078
 24.962581817627
 25.8648438110352
 33.0829397583008
 25.8648438110352
 12.9324219055176
 18.9475018615723
 22.8573038330078
 18.9475018615723
 24.962581817627
 25.8648438110352
 18.0452398681641
 14.1354378967285
 19.8497638549805
 33.0829397583008
 24.962581817627
 34.8874637451172
 15.9399618835449
 31.8799237670898
 18.0452398681641
 33.0829397583008
 27.0678598022461
 18.9475018615723
 15.9399618835449
 18.9475018615723
 18.9475018615723
 21.0527798461914
 11.1278979187012
 18.9475018615723
 22.8573038330078
 25.8648438110352
 18.0452398681641
 30.0753997802734
 21.9550418395996
 15.0376998901367
 16.8422238769531
 24.0603198242188
 18.0452398681641
 18.0452398681641
 18.9475018615723
 18.0452398681641
 22.8573038330078
 18.0452398681641
 22.8573038330078
 21.9550418395996
 16.8422238769531
 22.8573038330078
 18.9475018615723
 12.9324219055176
 36.0904797363281
 15.9399618835449
 22.8573038330078
 18.9475018615723
 14.1354378967285
 12.0301599121094
 21.9550418395996
 14.1354378967285
 14.1354378967285
 28.8723837890625
 16.8422238769531
 33.985201751709
 18.9475018615723
 19.8497638549805
 18.0452398681641
 12.9324219055176
 22.8573038330078
 18.9475018615723
 14.1354378967285
 12.0301599121094
 18.9475018615723
 18.0452398681641
 18.0452398681641
 15.9399618835449
 9.92488192749023
 18.9475018615723
 9.92488192749023
 24.0603198242188
 18.0452398681641
 14.1354378967285
 18.9475018615723
 12.0301599121094
 12.9324219055176
 16.8422238769531
 21.0527798461914
 18.0452398681641
 18.9475018615723
 15.0376998901367
 24.0603198242188
 16.8422238769531
 18.0452398681641
 21.9550418395996
 12.9324219055176
 16.8422238769531
 12.0301599121094
 15.9399618835449
 24.0603198242188
 18.0452398681641
 9.92488192749023
 21.0527798461914
 24.0603198242188
 22.8573038330078
 21.0527798461914
 15.0376998901367
 12.9324219055176
 21.9550418395996
 21.0527798461914
 15.0376998901367
 22.8573038330078
 21.0527798461914
 18.0452398681641
 21.0527798461914
 12.0301599121094
 16.8422238769531
 21.0527798461914
 16.8422238769531
 22.8573038330078
 18.0452398681641
 19.8497638549805
 24.962581817627
 16.8422238769531
 16.8422238769531
 22.8573038330078
 15.0376998901367
 18.9475018615723
 16.8422238769531
 15.9399618835449
 15.9399618835449
 14.1354378967285
 18.0452398681641
 15.9399618835449
 11.1278979187012
 12.0301599121094
 15.0376998901367
 15.9399618835449
 18.9475018615723
 18.9475018615723
 25.8648438110352
 12.9324219055176
 21.0527798461914
 16.8422238769531
 18.0452398681641
 16.8422238769531
 9.92488192749023
 11.1278979187012
 11.1278979187012
 11.1278979187012
 12.9324219055176
 12.0301599121094
 12.9324219055176
 14.1354378967285
 15.0376998901367
 15.9399618835449
 12.0301599121094
 14.1354378967285
 9.02261993408203
 11.1278979187012
 5.11281796264648
 12.9324219055176
 14.1354378967285
 12.0301599121094
 18.0452398681641
 12.0301599121094
 9.92488192749023
 12.9324219055176
 14.1354378967285
 9.92488192749023
 16.8422238769531
 15.9399618835449
 15.0376998901367
 9.92488192749023
 6.01507995605469
 9.02261993408203
 9.92488192749023
 9.92488192749023
 9.02261993408203
 11.1278979187012
 9.92488192749023
 12.0301599121094
 6.01507995605469
 12.0301599121094
 11.1278979187012
 6.91734194946289
 9.02261993408203
 8.12035794067383
 5.11281796264648
 9.92488192749023
 12.0301599121094
 11.1278979187012
 12.0301599121094
 15.9399618835449
 12.9324219055176
 18.0452398681641
 6.01507995605469
 9.92488192749023
 14.1354378967285
 9.92488192749023
 12.0301599121094
 9.92488192749023
 9.92488192749023
 18.9475018615723
 11.1278979187012
 8.12035794067383
 14.1354378967285
 6.01507995605469
 12.9324219055176
 12.9324219055176
 12.0301599121094
 9.02261993408203
 18.0452398681641
 12.0301599121094
 12.0301599121094
 14.1354378967285
 12.0301599121094
 21.0527798461914
 15.0376998901367
 11.1278979187012
 12.0301599121094
 12.0301599121094
 6.01507995605469
 15.0376998901367
 12.0301599121094
 15.9399618835449
 12.0301599121094
 15.0376998901367
 12.9324219055176
 11.1278979187012
 18.0452398681641
 19.8497638549805
 18.0452398681641
 15.0376998901367
 15.9399618835449
 22.8573038330078
 18.9475018615723
 18.9475018615723
 21.0527798461914
 24.0603198242188
 28.8723837890625
 22.8573038330078
 18.9475018615723
 27.0678598022461
 25.8648438110352
 15.0376998901367
 24.962581817627
 14.1354378967285
 15.9399618835449
 24.0603198242188
 18.9475018615723
 12.9324219055176
 14.1354378967285
 19.8497638549805
 18.9475018615723
 11.1278979187012
 21.0527798461914
 18.0452398681641
 9.02261993408203
 11.1278979187012
 12.9324219055176
 6.91734194946289
 6.91734194946289
 15.0376998901367
 9.92488192749023
 8.12035794067383
 9.02261993408203
 11.1278979187012
 6.91734194946289
 6.01507995605469
 5.11281796264648
 3.00753997802734
 5.11281796264648
 8.12035794067383
 12.0301599121094
 9.02261993408203
 9.92488192749023
 11.1278979187012
 9.02261993408203
 9.92488192749023
 .902261993408203
 3.90980197143555
 6.01507995605469
 6.01507995605469
 5.11281796264648
 5.11281796264648
 5.11281796264648
 3.90980197143555
 8.12035794067383
 2.10527798461914
 6.01507995605469
 6.91734194946289
 6.91734194946289
 3.00753997802734
 5.11281796264648
 9.92488192749023
 5.11281796264648
 9.92488192749023
 8.12035794067383
 9.92488192749023
 3.90980197143555
 12.9324219055176
 9.02261993408203
 8.12035794067383
 9.02261993408203
 3.90980197143555
 12.0301599121094
 9.02261993408203
 9.92488192749023
 9.02261993408203
 16.8422238769531
 12.0301599121094
 12.9324219055176
 12.0301599121094
 16.8422238769531
 9.02261993408203
 18.0452398681641
 15.0376998901367
 19.8497638549805
 11.1278979187012
 21.0527798461914
 19.8497638549805
 12.9324219055176
 16.8422238769531
 12.9324219055176
 16.8422238769531
 9.92488192749023
 12.9324219055176
 12.0301599121094
 11.1278979187012
 12.0301599121094
 6.01507995605469
 12.9324219055176
 6.91734194946289
 14.1354378967285
 8.12035794067383
 6.91734194946289
 12.0301599121094
 9.92488192749023
 3.90980197143555
 6.01507995605469
 9.02261993408203
 8.12035794067383
 9.02261993408203
 9.92488192749023
 6.01507995605469
 3.90980197143555
 5.11281796264648
 6.91734194946289
 3.90980197143555
 5.11281796264648
 6.01507995605469
 3.90980197143555
 3.90980197143555
 6.91734194946289
 5.11281796264648
 3.00753997802734
 5.11281796264648
 6.91734194946289
 2.10527798461914
 5.11281796264648
 3.00753997802734
 3.00753997802734
 3.90980197143555
 6.91734194946289
 9.92488192749023
 3.90980197143555
 5.11281796264648
 12.0301599121094
 16.8422238769531
 11.1278979187012
 6.91734194946289
 11.1278979187012
 9.02261993408203
 3.90980197143555
 14.1354378967285
 8.12035794067383
 8.12035794067383
 8.12035794067383
 9.92488192749023
 12.0301599121094
 16.8422238769531
 16.8422238769531
 15.9399618835449
 19.8497638549805
 12.0301599121094
 9.02261993408203
 16.8422238769531
 15.0376998901367
 9.92488192749023
 9.92488192749023
 6.01507995605469
 15.0376998901367
 9.02261993408203
 8.12035794067383
 11.1278979187012
 9.02261993408203
 6.01507995605469
 8.12035794067383
 8.12035794067383
 6.01507995605469
 6.91734194946289
 6.01507995605469
 5.11281796264648
 .902261993408203
 6.01507995605469
 .902261993408203
 5.11281796264648
 3.90980197143555
 3.00753997802734
 3.90980197143555
 .902261993408203
 3.00753997802734
 3.00753997802734
 0
 6.01507995605469
 3.00753997802734
 3.90980197143555
 .902261993408203
 3.00753997802734
 3.90980197143555
 3.00753997802734
 .902261993408203
 2.10527798461914
 5.11281796264648
 3.00753997802734
 .902261993408203
 0
 .902261993408203
 3.00753997802734
 2.10527798461914
 3.00753997802734
 .902261993408203
 2.10527798461914
 3.00753997802734
 2.10527798461914
 2.10527798461914
 2.10527798461914
 .902261993408203
 .902261993408203
 3.90980197143555
 3.00753997802734
 5.11281796264648
 .902261993408203
 6.01507995605469
 2.10527798461914
 0
 0
 .902261993408203
 0
 2.10527798461914
 0
 .902261993408203
 3.90980197143555
 2.10527798461914
 .902261993408203
 2.10527798461914
 0
 3.90980197143555
 2.10527798461914
 3.00753997802734
 3.00753997802734
 2.10527798461914
 .902261993408203
 .902261993408203
 0
 .902261993408203
 .902261993408203
 3.00753997802734
 0
 .902261993408203
 .902261993408203
 .902261993408203
 0
 0
 .902261993408203
 .902261993408203
 0
 3.00753997802734
 0
 2.10527798461914
 .902261993408203
 2.10527798461914
 3.00753997802734
 0
 0
 2.10527798461914
 0
 0
 .902261993408203
 .902261993408203
 2.10527798461914
 .902261993408203
 2.10527798461914
 .902261993408203
 2.10527798461914
 0
 0
 .902261993408203
 0
 .902261993408203
 .902261993408203
 2.10527798461914
 .902261993408203
 .902261993408203
 .902261993408203
 2.10527798461914
 3.00753997802734
 2.10527798461914
 3.00753997802734
 2.10527798461914
 .902261993408203
 2.10527798461914
 0
 .902261993408203
 2.10527798461914
 3.00753997802734
 0
 0
 3.90980197143555
 0
 3.00753997802734
 2.10527798461914
 2.10527798461914
 0
 .902261993408203
 .902261993408203
 3.90980197143555
 3.00753997802734
 0
 .902261993408203
 2.10527798461914
 3.00753997802734
 2.10527798461914
 2.10527798461914
 3.00753997802734
 2.10527798461914
 .902261993408203
 3.00753997802734
 2.10527798461914
 0
 5.11281796264648
 2.10527798461914
 .902261993408203
 3.90980197143555
 .902261993408203
 .902261993408203
 .902261993408203
 2.10527798461914
 0
 .902261993408203
 0
 3.00753997802734
 2.10527798461914
 3.00753997802734
 .902261993408203
 3.90980197143555
 .902261993408203
 3.00753997802734
 3.00753997802734
 2.10527798461914
 .902261993408203
 0
 .902261993408203
 0
 2.10527798461914
 2.10527798461914
 0
 2.10527798461914
 .902261993408203
 .902261993408203
 .902261993408203
 3.00753997802734
 0
 3.90980197143555
 0
 .902261993408203
 0
 0
 0
 .902261993408203
 0
 .902261993408203
 0
 .902261993408203
 0
 .902261993408203
 .902261993408203
 0
 .902261993408203
 2.10527798461914
 0
 0
 0
 .902261993408203
 .902261993408203
 0
 2.10527798461914
 0
 0
 0
 0
 0
 .902261993408203
 .902261993408203
 .902261993408203
 .902261993408203
 0
 .902261993408203
 0
 .902261993408203
 0
 0
 .902261993408203
 .902261993408203
 2.10527798461914
 .902261993408203
 0
 0
 0
 .902261993408203
 .902261993408203
 .902261993408203
 0
 .902261993408203
 0
 2.10527798461914
 0
 0
 0
 0
 0
 0
 0
 .902261993408203
 0
 0
 0
 0
 2.10527798461914
 0
 0
 .902261993408203
 .902261993408203
 .902261993408203
 0
 0
 .902261993408203
 0
 .902261993408203
 0
 .902261993408203
 .902261993408203
 3.00753997802734
 0
 0
 .902261993408203
 .902261993408203
 0
 .902261993408203
 0
 0
 2.10527798461914
 3.90980197143555
 0
 .902261993408203
 2.10527798461914
 0
 0
 0
 .902261993408203
 .902261993408203
 0
 .902261993408203
 0
 0
 0
 0
 0
 0
 .902261993408203
