Berthold Technologies LB2045

Spektrum 

08.12.20  06:09:55

Probe: Ra226 2048 150s

Real Time[s]: 151,781
Live Time[s]: 130,66
DTL(%): 14,04
Energie:E2048

------------------------------------
 577.630201904297
 627.540796142578
 614.6058515625
 728.276576660156
 859.977830566406
 1545.66054931641
 2984.18317382812
 4951.86262207031
 7173.01472167969
 9136.77448974609
 11303.0510668945
 13065.6005859375
 14685.7350585938
 16606.3783447266
 19128.0392578125
 22394.4394042969
 26483.9723876953
 31880.0654296875
 37459.0768798828
 43011.9571289063
 47441.1957275391
 48394.9845703125
 47650.2453369141
 44971.7972167969
 42149.6274902344
 38308.3409179688
 34545.4479492187
 30926.2765869141
 27084.9900146484
 23687.9338623047
 20486.86171875
 17886.8072021484
 15913.9015136719
 14097.7830322266
 12783.3836132813
 11560.4433984375
 10685.0481591797
 9902.41868408203
 9501.30474609375
 9510.45066650391
 9364.11593994141
 9471.25386474609
 9502.61130615234
 9386.3274609375
 9511.7572265625
 9660.70507324219
 9807.03979980469
 9714.27403564453
 9975.58604736328
 10090.5633325195
 10396.2983862305
 10361.0212646484
 10715.0990405273
 10898.0174487305
 11173.7016210937
 11129.2785791016
 11594.4139599609
 11542.1515576172
 11607.4795605469
 11731.6027661133
 11992.914777832
 12033.4181396484
 12045.1771801758
 11897.5358935547
 12080.4543017578
 12148.3954248047
 12019.0459790039
 11838.740690918
 11897.5358935547
 12110.5051831055
 12032.1115795898
 12135.3298242188
 12233.3218286133
 12587.3996044922
 12850.0181762695
 13064.2940258789
 13731.9462158203
 13705.8150146484
 13914.8646240234
 14019.3894287109
 14150.0454345703
 14189.2422363281
 14163.1110351563
 13627.4214111328
 13248.5189941406
 12940.1708203125
 12243.774309082
 11939.3458154297
 11317.4232275391
 10683.7415991211
 10308.7588623047
 9978.19916748047
 9810.95947998047
 9539.19498779297
 9229.54025390625
 9241.29929443359
 9100.19080810547
 9165.51881103516
 9395.47338134766
 9567.93930908203
 9928.54988525391
 10336.1966235352
 10836.6091259766
 10802.6385644531
 11472.9038745117
 11939.3458154297
 12509.0060009766
 12537.7503222656
 12929.7183398438
 12873.5362573242
 13009.418503418
 13078.6661865234
 12750.7196118164
 12476.3419995117
 11966.7835766602
 11401.0430712891
 10652.3841577148
 10310.0654223633
 9839.70380126953
 9573.16554931641
 9220.39433349609
 9041.39560546875
 8906.81991943359
 8834.95911621094
 9162.90569091797
 9256.97801513672
 9731.25931640625
 10313.9851025391
 10772.5876831055
 11557.8302783203
 12501.166640625
 13026.4037841797
 13784.2086181641
 14881.7190673828
 15574.1958984375
 15744.0487060547
 16318.9351318359
 16527.9847412109
 16449.5911376953
 16162.1479248047
 16070.6887207031
 15652.5895019531
 14594.2758544922
 13914.8646240234
 12843.4853759766
 12029.4984594727
 11029.9800146484
 10414.5902270508
 9750.85771728516
 9247.83209472656
 8982.60040283203
 8983.90696289063
 8904.20679931641
 9259.59113525391
 9739.09867675781
 10517.8084716797
 11373.6053100586
 12107.8920629883
 13326.9125976563
 14515.8822509766
 15665.6551025391
 16554.1159423828
 17716.9543945313
 19049.6456542969
 19402.4168701172
 19990.3688964844
 20643.6489257813
 20604.4521240234
 20356.2057128906
 20238.6153076172
 19284.8264648438
 18370.2344238281
 17599.3639892578
 16358.1319335937
 14803.3254638672
 13679.6838134766
 12433.2255175781
 11130.5851391602
 9946.84172607422
 9075.36616699219
 8010.51971923828
 7212.2115234375
 6532.80029296875
 5908.26458496094
 5529.36216796875
 5149.15319091797
 4839.49845703125
 4633.06196777344
 4376.97619628906
 4302.50227294922
 4230.64146972656
 4103.90514404297
 4071.24114257813
 4001.99345947266
 3710.63056640625
 3822.99473144531
 3841.28657226562
 3619.17136230469
 3595.65328125
 3549.92367919922
 3467.61039550781
 3395.74959228516
 3210.21806396484
 3317.35598876953
 3231.12302490234
 3245.49518554687
 3074.33581787109
 3031.2193359375
 3011.62093505859
 2975.03725341797
 2894.03052978516
 2798.65164550781
 2810.41068603516
 2803.87788574219
 2773.82700439453
 2820.86316650391
 2773.82700439453
 2843.0746875
 2806.49100585938
 2711.11212158203
 2681.06124023438
 2695.43340087891
 2738.5498828125
 2733.32364257813
 2698.04652099609
 2619.65291748047
 2648.39723876953
 2602.66763671875
 2698.04652099609
 2647.09067871094
 2665.38251953125
 2597.44139648437
 2505.98219238281
 2477.23787109375
 2617.03979736328
 2438.04106933594
 2472.01163085938
 2499.44939208984
 2349.19498535156
 2341.355625
 2415.82954833984
 2400.15082763672
 2332.20970458984
 2353.11466552734
 2264.26858154297
 2309.99818359375
 2303.46538330078
 2326.98346435547
 2249.89642089844
 2283.86698242188
 2157.13065673828
 2251.20298095703
 2279.94730224609
 2308.69162353516
 2204.16681884766
 2214.61929931641
 2151.90441650391
 2197.63401855469
 2134.91913574219
 2158.43721679688
 2106.17481445313
 2179.34217773438
 2144.06505615234
 2146.67817626953
 2145.37161621094
 2166.27657714844
 2150.59785644531
 2191.10121826172
 2214.61929931641
 2265.57514160156
 2342.66218505859
 2389.69834716797
 2380.55242675781
 2483.77067138672
 2654.9300390625
 2688.90060058594
 2895.33708984375
 3063.88333740234
 3360.47247070313
 3646.60912353516
 4084.30674316406
 4166.62002685547
 4721.90805175781
 5090.35798828125
 5511.07032714844
 5761.92985839844
 6311.99164306641
 6753.60894287109
 7088.08831787109
 7597.64674072266
 8073.23460205078
 8471.73541992188
 8910.73959960937
 9057.07432617187
 9294.86825683594
 9541.80810791016
 9710.35435546875
 9629.34763183594
 9654.17227294922
 9385.02090087891
 9084.51208740234
 9017.87752441406
 8669.02598876953
 8271.83173095703
 7649.90914306641
 7129.89823974609
 6761.44830322266
 6197.01435791016
 5861.22842285156
 5217.09431396484
 4932.26422119141
 4522.00436279297
 4208.42994873047
 3677.96656494141
 3329.11502929688
 3138.35726074219
 2887.49772949219
 2673.22187988281
 2597.44139648437
 2320.4506640625
 2321.75722412109
 2296.93258300781
 2102.25513427734
 2076.12393310547
 2080.04361328125
 1946.77448730469
 1957.22696777344
 1911.49736572266
 1929.78920654297
 1978.13192871094
 1916.72360595703
 1809.58568115234
 1904.96456542969
 1835.71688232422
 1774.30855957031
 1855.31528320312
 1855.31528320312
 1767.77575927734
 1779.53479980469
 1770.38887939453
 1758.62983886719
 1744.25767822266
 1739.03143798828
 1770.38887939453
 1673.70343505859
 1752.09703857422
 1826.57096191406
 1690.68871582031
 1761.24295898438
 1750.79047851562
 1686.76903564453
 1685.46247558594
 1702.44775634766
 1723.35271728516
 1763.85607910156
 1714.206796875
 1778.22823974609
 1716.81991699219
 1776.9216796875
 1773.00199951172
 1758.62983886719
 1773.00199951172
 1783.45447998047
 1803.05288085938
 1860.5415234375
 1954.61384765625
 1908.88424560547
 2006.87625
 1925.86952636719
 2004.26312988281
 2014.71561035156
 2055.21897216797
 2117.93385498047
 2042.15337158203
 2117.93385498047
 2111.4010546875
 2048.686171875
 2142.75849609375
 2044.76649169922
 2134.91913574219
 2057.83209228516
 2085.26985351563
 2061.75177246094
 1996.42376953125
 2010.79593017578
 2012.10249023437
 1978.13192871094
 1901.04488525391
 1835.71688232422
 1847.47592285156
 1881.446484375
 1810.89224121094
 1800.43976074219
 1774.30855957031
 1808.27912109375
 1715.51335693359
 1624.05415283203
 1629.28039306641
 1667.17063476562
 1725.96583740234
 1608.37543212891
 1638.42631347656
 1561.33927001953
 1624.05415283203
 1516.91622802734
 1510.38342773438
 1514.30310791016
 1463.347265625
 1524.75558837891
 1471.18662597656
 1523.44902832031
 1494.70470703125
 1459.42758544922
 1465.96038574219
 1438.52262451172
 1424.15046386719
 1390.17990234375
 1467.26694580078
 1416.31110351563
 1409.77830322266
 1339.22406005859
 1357.51590087891
 1369.27494140625
 1285.26312963867
 1335.30437988281
 1350.98310058594
 1298.06741821289
 1317.0125390625
 1326.15845947266
 1341.83718017578
 1224.11611889648
 1343.14374023437
 1314.39941894531
 1280.95148144531
 1280.0368894043
 1307.86661865234
 1305.90677856445
 1250.7699440918
 1288.66018579102
 1318.31909912109
 1301.59513037109
 1272.32818505859
 1264.48882470703
 1259.39324047852
 1319.62565917969
 1280.0368894043
 1263.70488867188
 1311.78629882812
 1352.28966064453
 1361.43558105469
 1369.27494140625
 1307.86661865234
 1377.11430175781
 1324.85189941406
 1286.96165771484
 1319.62565917969
 1343.14374023437
 1337.9175
 1347.06342041016
 1303.29365844727
 1289.44412182617
 1348.36998046875
 1249.85535205078
 1255.99618432617
 1310.47973876953
 1238.74959155273
 1249.85535205078
 1212.09576635742
 1235.22187939453
 1139.71233911133
 1125.99345849609
 1142.32545922852
 1114.75704199219
 1142.32545922852
 1122.46574633789
 1037.27803051758
 1087.18862475586
 1016.6343815918
 1045.9013269043
 1002.00090893555
 987.367436279297
 1066.54497583008
 988.282028320313
 974.432491699219
 1042.50427075195
 951.17572265625
 965.8091953125
 1020.03143774414
 997.689260742188
 979.658731933594
 921.90877734375
 962.412139160156
 896.169544189453
 914.984009033203
 981.357260009766
 928.833545654297
 886.631655761719
 946.864074462891
 873.696711181641
 878.922951416016
 903.878248535156
 883.234599609375
 908.189896728516
 872.912775146484
 895.254952148438
 854.751590332031
 929.748137695312
 896.169544189453
 895.254952148438
 913.285480957031
 899.566600341797
 877.224423339844
 901.265128417969
 934.843721923828
 887.546247802734
 903.878248535156
 981.357260009766
 952.874250732422
 977.045611816406
 965.025259277344
 1025.25767797852
 990.764492431641
 985.668908203125
 1049.29838305664
 1028.65473413086
 1091.50027294922
 1115.6716340332
 1107.83227368164
 1100.12356933594
 1190.53752539062
 1186.22587719727
 1232.7394152832
 1294.67036206055
 1371.88806152344
 1403.24550292969
 1435.90950439453
 1507.77030761719
 1518.22278808594
 1607.06887207031
 1638.42631347656
 1610.98855224609
 1646.26567382813
 1673.70343505859
 1663.25095458984
 1739.03143798828
 1812.19880126953
 1833.10376220703
 1827.87752197266
 1778.22823974609
 1761.24295898438
 1697.22151611328
 1757.32327880859
 1813.50536132812
 1686.76903564453
 1681.54279541016
 1635.81319335937
 1641.03943359375
 1591.39015136719
 1531.28838867188
 1575.71143066406
 1462.04070556641
 1452.89478515625
 1348.36998046875
 1366.66182128906
 1293.75577001953
 1287.74559375
 1271.41359301758
 1219.80447070312
 1143.10939526367
 1111.35998583984
 1112.143921875
 1012.32273339844
 995.990732666016
 989.065964355469
 989.980556396484
 972.733963623047
 946.080138427734
 946.080138427734
 908.973832763672
 878.922951416016
 934.843721923828
 896.953480224609
 917.597129150391
 909.888424804688
 896.953480224609
 871.083591064453
 902.179720458984
 905.576776611328
 927.918953613281
 943.467018310547
 900.350536376953
 903.878248535156
 968.422315429688
 908.973832763672
 927.135017578125
 936.54225
 986.452844238281
 976.131019775391
 946.864074462891
 955.487370849609
 1025.25767797852
 1010.62420532227
 1071.77121606445
 1017.54897363281
 1062.23332763672
 1024.3430859375
 1014.02126147461
 1025.25767797852
 1007.09649316406
 988.282028320313
 1032.18244628906
 963.196075195312
 995.990732666016
 998.603852783203
 947.778666503906
 941.768490234375
 976.131019775391
 974.432491699219
 899.566600341797
 940.069962158203
 908.189896728516
 884.933127685547
 890.943303955078
 879.706887451172
 847.042885986328
 815.162820556641
 889.244775878906
 845.344357910156
 798.830819824219
 790.2075234375
 785.895875244141
 725.663456542969
 773.875522705078
 766.950754394531
 781.584227050781
 741.995457275391
 699.009631347656
 709.331455810547
 692.999455078125
 711.944575927734
 740.296929199219
 686.989278808594
 680.848446533203
 695.481919189453
 712.728511962891
 682.677630615234
 713.643104003906
 699.793567382813
 703.321279541016
 674.838270263672
 692.084863037109
 670.526622070312
 685.160094726562
 766.950754394531
 759.242050048828
 748.005633544922
 754.930401855469
 772.960930664063
 757.543521972656
 760.940578125
 784.197347167969
 752.317281738281
 814.378884521484
 811.765764404297
 785.111939208984
 868.601126953125
 818.690532714844
 887.546247802734
 877.224423339844
 884.933127685547
 908.973832763672
 860.761766601563
 909.888424804688
 855.666182373047
 909.888424804688
 896.953480224609
 930.532073730469
 895.254952148438
 918.511721191406
 931.446665771484
 965.025259277344
 882.320007568359
 914.984009033203
 913.285480957031
 940.853898193359
 921.124841308594
 925.436489501953
 948.562602539062
 878.008359375
 841.032709716797
 819.47446875
 793.735235595703
 872.912775146484
 850.439942138672
 768.649282470703
 791.906051513672
 760.940578125
 721.351808349609
 760.156642089844
 699.009631347656
 729.975104736328
 738.598401123047
 679.149918457031
 710.115391845703
 733.372160888672
 667.129565917969
 650.797565185547
 643.088860839844
 658.50626953125
 678.365982421875
 668.044157958984
 593.962202636719
 593.047610595703
 618.917499755859
 624.927676025391
 600.886970947266
 624.143739990234
 649.882973144531
 668.828093994141
 610.294203369141
 608.595675292969
 587.952026367188
 609.510267333984
 619.832091796875
 603.369435058594
 590.565146484375
 601.670906982422
 628.455388183594
 572.403961669922
 605.982555175781
 631.852444335938
 605.982555175781
 569.006905517578
 568.092313476562
 628.455388183594
 632.636380371094
 581.941850097656
 596.575322753906
 587.952026367188
 579.328729980469
 533.729783935547
 564.695257324219
 587.037434326172
 555.288024902344
 538.825368164062
 532.815191894531
 560.383609130859
 539.739960205078
 547.448664550781
 550.061784667969
 507.859894775391
 524.191895507812
 494.924950195312
 495.839542236328
 519.880247314453
 460.562420654297
 463.959476806641
 436.391059570313
 490.613302001953
 472.582773193359
 471.668181152344
 475.195893310547
 461.346356689453
 457.949300537109
 451.939124267578
 445.928947998047
 439.918771728516
 454.552244384766
 439.918771728516
 438.220243652344
 450.240596191406
 431.295475341797
 417.445938720703
 414.048882568359
 414.048882568359
 395.10376171875
 408.038706298828
 391.706705566406
 404.641650146484
 418.360530761719
 360.741232177734
 390.792113525391
 386.480465332031
 375.374704833984
 402.812466064453
 383.867345214844
 383.867345214844
 360.741232177734
 351.20334375
 364.138288330078
 344.278575439453
 354.600399902344
 346.107759521484
 332.258222900391
 364.922224365234
 387.395057373047
 349.504815673828
 337.484463134766
 364.138288330078
 369.233872558594
 364.922224365234
 340.881519287109
 344.278575439453
 349.504815673828
 337.484463134766
 349.504815673828
 362.439760253906
 315.926222167969
 318.539342285156
 320.237870361328
 355.514991943359
 359.826640136719
 346.107759521484
 347.806287597656
 322.850990478516
 376.158640869141
 356.429583984375
 371.063056640625
 390.008177490234
 382.168817138672
 364.138288330078
 364.138288330078
 387.395057373047
 419.275122802734
 406.340178222656
 401.113937988281
 387.395057373047
 377.073232910156
 414.963474609375
 406.340178222656
 449.326004150391
 459.647828613281
 462.260948730469
 507.859894775391
 489.829365966797
 501.849718505859
 521.709431396484
 531.116663818359
 526.805015625
 566.393785400391
 619.832091796875
 573.318553710938
 655.109213378906
 599.188442871094
 683.461566650391
 689.471742919922
 645.571324951172
 674.054334228516
 691.300927001953
 705.019807617187
 724.748864501953
 698.095039306641
 779.885698974609
 739.382337158203
 820.389060791016
 778.187170898438
 791.906051513672
 767.865346435547
 789.423587402344
 750.618753662109
 797.132291748047
 799.745411865234
 731.6736328125
 746.30710546875
 729.975104736328
 722.266400390625
 744.608577392578
 714.427040039062
 728.276576660156
 720.567872314453
 685.160094726562
 624.927676025391
 632.636380371094
 629.23932421875
 647.269853027344
 630.153916259766
 577.630201904297
 513.086135009766
 539.739960205078
 552.674904785156
 555.288024902344
 479.507541503906
 504.462838623047
 458.863892578125
 469.185717041016
 429.596947265625
 438.220243652344
 425.285299072266
 400.330001953125
 402.812466064453
 386.480465332031
 395.10376171875
 387.395057373047
 385.696529296875
 360.741232177734
 370.148464599609
 340.881519287109
 350.288751708984
 335.655279052734
 358.128112060547
 284.046156738281
 327.162638671875
 318.539342285156
 317.624750244141
 308.217517822266
 325.333454589844
 301.292749511719
 314.227694091797
 292.669453125
 278.03598046875
 249.683627197266
 278.03598046875
 305.604397705078
 272.025804199219
 268.628748046875
 264.317099853516
 259.090859619141
 272.940396240234
 279.734508544922
 248.76903515625
 258.306923583984
 247.070507080078
 243.673450927734
 241.844266845703
 231.522442382813
 216.105033691406
 253.080683349609
 225.512266113281
 228.125386230469
 241.844266845703
 230.738506347656
 223.813738037109
 176.516263916016
 210.878793457031
 211.793385498047
 218.587497802734
 201.471561035156
 225.512266113281
 202.255497070313
 175.601671875
 191.149736572266
 198.858440917969
 180.827912109375
 185.923496337891
 199.773032958984
 204.8686171875
 182.526440185547
 191.149736572266
 185.923496337891
 184.224968261719
 178.214791992188
 177.300199951172
 168.676903564453
 185.923496337891
 162.666727294922
 155.872614990234
 196.245320800781
 163.581319335938
 163.581319335938
 169.591495605469
 164.365255371094
 153.259494873047
 160.96819921875
 136.012902099609
 160.053607177734
 140.324550292969
 146.3347265625
 172.988551757813
 153.259494873047
 148.947846679688
 138.626022216797
 149.731782714844
 146.3347265625
 133.399781982422
 143.721606445313
 125.691077636719
 120.464837402344
 130.786661865234
 123.992549560547
 121.379429443359
 129.088133789063
 131.70125390625
 133.399781982422
 133.399781982422
 123.077957519531
 142.023078369141
 120.464837402344
 123.077957519531
 119.680901367188
 127.389605712891
 123.992549560547
 126.475013671875
 110.143012939453
 125.691077636719
 125.691077636719
 114.454661132813
 123.077957519531
 102.43430859375
 113.670725097656
 105.831364746094
 122.294021484375
 125.691077636719
 115.369253173828
 130.002725830078
 104.132836669922
 119.680901367188
 132.615845947266
 98.1226604003906
 128.304197753906
 115.369253173828
 113.670725097656
 117.06778125
 101.519716552734
 126.475013671875
 100.735780517578
 103.348900634766
 111.841541015625
 106.745956787109
 105.831364746094
 120.464837402344
 129.088133789063
 123.992549560547
 106.745956787109
 109.359076904297
