Berthold Technologies LB2045

Spektrum 

08.12.20  06:13:57

Probe: Ra226 256 150s

Real Time[s]: 151,234
Live Time[s]: 115,6
DTL(%): 23,44
Energie:E256 

------------------------------------
 554.8751953125
 604.582764892578
 627.586965698242
 636.719286621094
 696.368370117188
 794.97431628418
 853.814206787109
 927.219571166992
 984.556674682617
 1093.10413476562
 1205.69755981445
 1401.05986816406
 1419.55570800781
 1565.21044677734
 1656.53365600586
 1700.46127563477
 1906.22749389648
 1915.47541381836
 1967.49496337891
 2191.75702148437
 2139.73747192383
 2352.43963012695
 2417.17506958008
 2358.21958007812
 2462.25867919922
 2508.49827880859
 2613.69336791992
 2609.06940795898
 2627.56524780273
 2585.9496081543
 2544.33396850586
 2597.50950805664
 2616.00534790039
 2649.52905761719
 2595.19752807617
 2637.96915771484
 2518.9021887207
 2543.17797851563
 2609.06940795898
 2543.17797851563
 2620.62930786133
 2579.01366821289
 2547.80193847656
 2574.38970825195
 2581.32564819336
 2510.81025878906
 2516.59020874023
 2540.86599853516
 2587.10559814453
 2643.74910766602
 2515.43421875
 2494.62639892578
 2637.96915771484
 2577.85767822266
 2563.98579833984
 2546.64594848633
 2521.21416870117
 2616.00534790039
 2456.47872924805
 2531.61807861328
 2550.11391845703
 2650.68504760742
 2580.16965820313
 2742.00825683594
 2561.67381835938
 2546.64594848633
 2651.84103759766
 2577.85767822266
 2635.65717773438
 2681.89677734375
 2706.17256713867
 2582.48163818359
 2669.18088745117
 2705.01657714844
 2648.37306762695
 2747.78820678711
 2766.28404663086
 2821.77156616211
 2722.35642700195
 2776.68795654297
 2848.3593359375
 2807.8996862793
 2905.00284545898
 2907.31482543945
 2767.44003662109
 2800.96374633789
 2966.27031494141
 2821.77156616211
 2837.95542602539
 2939.68254516602
 2855.29527587891
 2977.83021484375
 3020.60184448242
 2992.8580847168
 3096.89718383789
 2983.61016479492
 3114.23703369141
 3116.54901367187
 3065.68545410156
 3129.26490356445
 3160.47663330078
 3170.88054321289
 3151.22871337891
 3244.86390258789
 3250.64385253906
 3196.31232299805
 3313.06731201172
 3348.90300170898
 3388.20666137695
 3459.87804077148
 3392.83062133789
 3479.52987060547
 3459.87804077148
 3398.61057128906
 3515.36556030273
 3435.60225097656
 3547.7332800293
 3552.35723999023
 3524.61348022461
 3606.68876953125
 3582.41297973633
 3609.00074951172
 3698.01197875977
 3680.67212890625
 3709.57187866211
 3802.05107788086
 3755.81147827148
 3770.83934814453
 3710.72786865234
 3728.06771850586
 3767.37137817383
 3717.66380859375
 3737.31563842773
 3825.17087768555
 3829.79483764648
 3891.06230712891
 3834.41879760742
 3895.68626708984
 3945.39383666992
 3888.75032714844
 3889.90631713867
 3904.93418701172
 3869.09849731445
 3950.01779663086
 3962.73368652344
 3947.70581665039
 3904.93418701172
 3845.97869750977
 3775.46330810547
 3790.49117797852
 3843.6667175293
 3841.35473754883
 3879.50240722656
 3948.86180664062
 3832.10681762695
 3877.19042724609
 3782.39924804688
 3784.71122802734
 3872.56646728516
 3797.42711791992
 3760.43543823242
 3784.71122802734
 3744.25157836914
 3806.6750378418
 3691.07603881836
 3676.04816894531
 3656.39633911133
 3635.58851928711
 3516.52155029297
 3620.56064941406
 3596.28485961914
 3585.88094970703
 3576.63302978516
 3398.61057128906
 3448.31814086914
 3452.94210083008
 3425.19834106445
 3450.63012084961
 3324.62721191406
 3308.44335205078
 3237.92796264648
 3302.66340209961
 3184.7524230957
 3114.23703369141
 3153.54069335937
 3069.15342407227
 3046.03362426758
 3011.35392456055
 2998.63803466797
 2906.15883544922
 2839.11141601562
 2989.39011474609
 2859.91923583984
 2933.90259521484
 2776.68795654297
 2775.53196655273
 2702.70459716797
 2817.14760620117
 2686.52073730469
 2611.38138793945
 2481.9105090332
 2555.8938684082
 2544.33396850586
 2456.47872924805
 2450.69877929687
 2338.56775024414
 2309.66800048828
 2353.59562011719
 2337.41176025391
 2261.11642089844
 2243.77657104492
 2255.33647094727
 2164.01326171875
 2117.77366210938
 2075.0020324707
 2039.16634277344
 2049.57025268555
 2084.24995239258
 2004.48664306641
 1958.24704345703
 2056.50619262695
 1887.73165405273
 1859.98789428711
 1910.85145385742
 1898.13556396484
 1834.55611450195
 1796.40844482422
 1864.61185424805
 1790.62849487305
 1749.01285522461
 1786.00453491211
 1745.54488525391
 1762.88473510742
 1684.27741577148
 1677.34147583008
 1690.05736572266
 1632.25786621094
 1624.1659362793
 1539.77866699219
 1577.92633666992
 1619.54197631836
 1588.33024658203
 1584.86227661133
 1558.27450683594
 1584.86227661133
 1547.87059692383
 1547.87059692383
 1535.15470703125
 1524.75079711914
 1554.80653686523
 1488.91510742188
 1506.25495727539
 1517.81485717773
 1456.54738769531
 1473.88723754883
 1446.1434777832
 1419.55570800781
 1494.69505737305
 1439.2075378418
 1457.70337768555
 1411.46377807617
 1435.73956787109
 1435.73956787109
 1380.25204833984
 1477.35520751953
 1383.72001831055
 1427.64763793945
 1345.57234863281
 1394.12392822266
 1390.65595825195
 1411.46377807617
 1406.83981811523
 1402.2158581543
 1368.6921484375
 1389.49996826172
 1336.32442871094
 1380.25204833984
 1367.53615844727
 1438.05154785156
 1340.94838867187
 1329.38848876953
 1380.25204833984
 1359.44422851562
 1376.78407836914
 1407.99580810547
 1317.82858886719
 1392.96793823242
 1375.62808837891
 1372.1601184082
 1373.31610839844
 1340.94838867187
 1347.88432861328
 1351.35229858398
 1391.81194824219
 1372.1601184082
 1332.85645874023
 1350.19630859375
 1351.35229858398
 1324.76452880859
 1347.88432861328
 1436.89555786133
 1367.53615844727
 1404.52783813477
 1331.70046875
 1436.89555786133
 1380.25204833984
 1409.1517980957
 1435.73956787109
 1404.52783813477
 1417.24372802734
 1338.63640869141
 1416.08773803711
 1507.41094726562
 1435.73956787109
 1436.89555786133
 1321.29655883789
 1438.05154785156
 1413.77575805664
 1438.05154785156
 1429.95961791992
 1438.05154785156
 1397.59189819336
 1411.46377807617
 1513.1908972168
 1470.41926757813
 1397.59189819336
 1411.46377807617
 1414.93174804688
 1404.52783813477
 1391.81194824219
 1492.38307739258
 1428.80362792969
 1368.6921484375
 1411.46377807617
 1462.32733764648
 1447.29946777344
 1442.6755078125
 1416.08773803711
 1476.1992175293
 1447.29946777344
 1441.51951782227
 1475.04322753906
 1478.51119750977
 1515.50287719727
 1487.75911743164
 1435.73956787109
 1513.1908972168
 1428.80362792969
 1456.54738769531
 1494.69505737305
 1524.75079711914
 1503.94297729492
 1537.46668701172
 1518.97084716797
 1564.05445678711
 1414.93174804688
 1517.81485717773
 1553.650546875
 1512.03490722656
 1506.25495727539
 1507.41094726562
 1472.73124755859
 1530.53074707031
 1515.50287719727
 1535.15470703125
 1515.50287719727
 1515.50287719727
 1522.43881713867
 1513.1908972168
 1570.99039672852
 1555.96252685547
 1537.46668701172
 1564.05445678711
 1629.94588623047
 1516.6588671875
 1594.1101965332
 1605.67009643555
 1547.87059692383
 1542.09064697266
 1546.71460693359
 1552.49455688477
 1549.02658691406
 1567.52242675781
 1570.99039672852
 1588.33024658203
 1653.06568603516
 1655.37766601562
 1626.47791625977
 1587.1742565918
 1549.02658691406
 1640.34979614258
 1551.33856689453
 1565.21044677734
 1641.50578613281
 1635.72583618164
 1546.71460693359
 1620.69796630859
 1623.00994628906
 1663.46959594727
 1558.27450683594
 1627.63390625
 1601.04613647461
 1573.30237670898
 1657.68964599609
 1634.56984619141
 1610.29405639648
 1639.19380615234
 1688.90137573242
 1683.12142578125
 1624.1659362793
 1665.78157592773
 1610.29405639648
 1623.00994628906
 1647.28573608398
 1656.53365600586
 1646.12974609375
 1605.67009643555
 1662.31360595703
 1651.90969604492
 1625.32192626953
 1724.73706542969
 1690.05736572266
 1668.0935559082
 1672.71751586914
 1612.60603637695
 1655.37766601562
 1675.02949584961
 1664.6255859375
 1639.19380615234
 1736.29696533203
 1679.65345581055
 1712.02117553711
 1665.78157592773
 1749.01285522461
 1662.31360595703
 1654.22167602539
 1641.50578613281
 1570.99039672852
 1738.6089453125
 1628.78989624023
 1672.71751586914
 1743.23290527344
 1718.95711547852
 1685.43340576172
 1675.02949584961
 1675.02949584961
 1706.24122558594
 1625.32192626953
 1636.88182617187
 1677.34147583008
 1684.27741577148
 1673.87350585937
 1678.49746582031
 1747.85686523437
 1752.48082519531
 1709.70919555664
 1698.1492956543
 1655.37766601562
 1681.96543579102
 1693.52533569336
 1708.55320556641
 1729.36102539063
 1713.17716552734
 1733.98498535156
 1724.73706542969
 1698.1492956543
 1629.94588623047
 1720.11310546875
 1672.71751586914
 1759.41676513672
 1670.40553588867
 1729.36102539063
 1733.98498535156
 1732.82899536133
 1724.73706542969
 1696.99330566406
 1681.96543579102
 1754.79280517578
 1730.51701538086
 1722.42508544922
 1745.54488525391
 1722.42508544922
 1792.94047485352
 1710.86518554688
 1743.23290527344
 1746.70087524414
 1769.82067504883
 1740.92092529297
 1754.79280517578
 1801.03240478516
 1700.46127563477
 1761.72874511719
 1836.86809448242
 1782.53656494141
 1731.67300537109
 1722.42508544922
 1792.94047485352
 1768.66468505859
 1699.30528564453
 1784.84854492187
 1776.75661499023
 1767.50869506836
 1814.90428466797
 1796.40844482422
 1817.21626464844
 1751.32483520508
 1790.62849487305
 1721.26909545898
 1822.99621459961
 1851.89596435547
 1792.94047485352
 1788.31651489258
 1764.04072509766
 1783.69255493164
 1826.46418457031
 1762.88473510742
 1780.22458496094
 1818.37225463867
 1811.43631469727
 1847.27200439453
 1833.40012451172
 1847.27200439453
 1795.25245483398
 1770.97666503906
 1814.90428466797
 1819.52824462891
 1777.91260498047
 1801.03240478516
 1855.36393432617
 1810.28032470703
 1861.14388427734
 1806.81235473633
 1856.51992431641
 1786.00453491211
 1877.32774414062
 1871.54779418945
 1818.37225463867
 1922.41135375977
 1866.92383422852
 1855.36393432617
 1878.48373413086
 1789.47250488281
 1774.44463500977
 1805.65636474609
 1810.28032470703
 1789.47250488281
 1821.84022460937
 1762.88473510742
 1826.46418457031
 1786.00453491211
 1809.1243347168
 1803.34438476562
 1821.84022460937
 1770.97666503906
 1798.72042480469
 1833.40012451172
 1819.52824462891
 1824.15220458984
 1795.25245483398
 1805.65636474609
 1840.33606445312
 1773.28864501953
 1828.77616455078
 1717.80112548828
 1772.1326550293
 1788.31651489258
 1858.83190429687
 1774.44463500977
 1751.32483520508
 1761.72874511719
 1772.1326550293
 1791.78448486328
 1732.82899536133
 1764.04072509766
 1722.42508544922
 1768.66468505859
 1700.46127563477
 1730.51701538086
 1760.57275512695
 1710.86518554688
 1691.21335571289
 1728.20503540039
 1643.81776611328
 1686.58939575195
 1712.02117553711
 1665.78157592773
 1738.6089453125
 1657.68964599609
 1669.24954589844
 1686.58939575195
 1713.17716552734
 1657.68964599609
 1653.06568603516
 1641.50578613281
 1648.44172607422
 1651.90969604492
 1633.41385620117
 1717.80112548828
 1583.70628662109
 1596.42217651367
 1623.00994628906
 1594.1101965332
 1587.1742565918
 1618.38598632813
 1618.38598632813
 1587.1742565918
 1569.83440673828
 1535.15470703125
 1540.93465698242
 1592.95420654297
 1557.1185168457
 1518.97084716797
 1596.42217651367
 1527.06277709961
 1532.84272705078
 1520.1268371582
 1551.33856689453
 1565.21044677734
 1533.99871704102
 1461.17134765625
 1549.02658691406
 1516.6588671875
 1460.01535766602
 1553.650546875
 1475.04322753906
 1572.14638671875
 1485.44713745117
 1468.10728759766
 1433.42758789063
 1435.73956787109
 1478.51119750977
 1476.1992175293
 1480.82317749023
 1523.59480712891
 1457.70337768555
 1497.00703735352
 1438.05154785156
 1448.45545776367
 1435.73956787109
 1494.69505737305
 1460.01535766602
 1485.44713745117
 1495.85104736328
 1468.10728759766
 1448.45545776367
 1466.95129760742
 1492.38307739258
 1449.61144775391
 1471.57525756836
 1483.1351574707
 1472.73124755859
 1439.2075378418
 1454.23540771484
 1444.98748779297
 1450.76743774414
 1453.07941772461
 1413.77575805664
 1455.39139770508
 1492.38307739258
 1473.88723754883
 1413.77575805664
 1478.51119750977
 1447.29946777344
 1480.82317749023
 1411.46377807617
 1433.42758789063
 1517.81485717773
 1468.10728759766
 1456.54738769531
 1478.51119750977
 1554.80653686523
 1547.87059692383
 1521.28282714844
 1520.1268371582
 1492.38307739258
 1465.79530761719
 1516.6588671875
 1510.87891723633
 1476.1992175293
 1518.97084716797
 1545.55861694336
 1473.88723754883
 1589.48623657227
 1551.33856689453
 1507.41094726562
 1549.02658691406
 1561.74247680664
 1529.37475708008
 1535.15470703125
 1539.77866699219
 1549.02658691406
 1562.89846679688
 1582.55029663086
 1545.55861694336
 1524.75079711914
 1542.09064697266
 1559.43049682617
 1580.23831665039
 1561.74247680664
 1654.22167602539
 1549.02658691406
 1550.1825769043
 1550.1825769043
 1657.68964599609
 1521.28282714844
 1646.12974609375
 1618.38598632813
 1587.1742565918
 1614.91801635742
 1610.29405639648
 1586.01826660156
 1580.23831665039
 1675.02949584961
 1618.38598632813
 1620.69796630859
 1670.40553588867
 1683.12142578125
 1647.28573608398
 1610.29405639648
 1665.78157592773
 1632.25786621094
 1611.45004638672
 1621.85395629883
 1657.68964599609
 1660.00162597656
 1620.69796630859
 1661.1576159668
 1684.27741577148
 1736.29696533203
 1686.58939575195
 1634.56984619141
 1610.29405639648
 1670.40553588867
 1653.06568603516
 1668.0935559082
 1670.40553588867
 1661.1576159668
 1672.71751586914
 1686.58939575195
 1700.46127563477
 1675.02949584961
 1643.81776611328
 1644.97375610352
 1721.26909545898
 1718.95711547852
 1731.67300537109
 1701.617265625
 1626.47791625977
 1692.36934570312
 1708.55320556641
 1752.48082519531
 1665.78157592773
 1677.34147583008
 1698.1492956543
 1683.12142578125
 1738.6089453125
 1655.37766601562
 1717.80112548828
 1662.31360595703
 1733.98498535156
 1614.91801635742
 1648.44172607422
 1655.37766601562
 1650.75370605469
 1639.19380615234
 1588.33024658203
 1613.76202636719
 1657.68964599609
 1560.58648681641
 1633.41385620117
 1629.94588623047
 1695.83731567383
 1575.61435668945
 1634.56984619141
 1601.04613647461
 1617.22999633789
 1629.94588623047
 1587.1742565918
 1574.45836669922
 1681.96543579102
 1609.13806640625
 1582.55029663086
 1598.73415649414
 1613.76202636719
 1532.84272705078
 1547.87059692383
 1515.50287719727
 1565.21044677734
 1514.34688720703
 1494.69505737305
 1570.99039672852
 1576.77034667969
 1531.68673706055
 1567.52242675781
 1535.15470703125
 1464.63931762695
 1485.44713745117
 1544.40262695313
 1579.08232666016
 1514.34688720703
 1501.63099731445
 1468.10728759766
 1440.36352783203
 1476.1992175293
 1425.33565795898
 1431.11560791016
 1484.29114746094
 1497.00703735352
 1503.94297729492
 1468.10728759766
 1442.6755078125
 1470.41926757813
 1462.32733764648
 1444.98748779297
 1409.1517980957
 1475.04322753906
 1409.1517980957
 1477.35520751953
 1425.33565795898
 1447.29946777344
 1418.39971801758
 1372.1601184082
 1431.11560791016
 1438.05154785156
 1389.49996826172
 1347.88432861328
 1387.18798828125
 1399.90387817383
 1411.46377807617
 1416.08773803711
 1388.34397827148
 1402.2158581543
 1406.83981811523
 1388.34397827148
 1423.02367797852
 1409.1517980957
 1384.87600830078
 1458.85936767578
 1418.39971801758
 1427.64763793945
 1429.95961791992
 1469.26327758789
 1418.39971801758
 1447.29946777344
 1431.11560791016
 1426.49164794922
 1375.62808837891
 1442.6755078125
 1398.74788818359
 1432.27159790039
 1442.6755078125
 1510.87891723633
 1454.23540771484
 1397.59189819336
 1435.73956787109
 1481.97916748047
 1473.88723754883
 1530.53074707031
 1465.79530761719
 1503.94297729492
 1428.80362792969
 1523.59480712891
 1433.42758789063
 1495.85104736328
 1557.1185168457
 1446.1434777832
 1544.40262695313
 1510.87891723633
 1536.31069702148
 1492.38307739258
 1494.69505737305
 1520.1268371582
 1524.75079711914
 1490.07109741211
 1553.650546875
 1547.87059692383
 1515.50287719727
 1547.87059692383
 1518.97084716797
 1590.6422265625
 1625.32192626953
 1581.39430664063
 1594.1101965332
 1558.27450683594
 1631.1018762207
 1677.34147583008
 1646.12974609375
 1647.28573608398
 1639.19380615234
 1707.39721557617
 1613.76202636719
 1649.59771606445
 1641.50578613281
 1679.65345581055
 1660.00162597656
 1681.96543579102
 1707.39721557617
 1683.12142578125
 1718.95711547852
 1665.78157592773
 1776.75661499023
 1717.80112548828
 1699.30528564453
 1677.34147583008
 1736.29696533203
 1722.42508544922
 1777.91260498047
 1684.27741577148
 1732.82899536133
 1764.04072509766
 1775.600625
 1784.84854492187
 1735.1409753418
 1736.29696533203
 1788.31651489258
 1788.31651489258
 1754.79280517578
 1765.19671508789
 1743.23290527344
 1710.86518554688
 1743.23290527344
 1792.94047485352
 1828.77616455078
 1798.72042480469
 1809.1243347168
 1744.38889526367
 1783.69255493164
 1769.82067504883
 1787.16052490234
 1740.92092529297
 1834.55611450195
 1820.68423461914
 1835.71210449219
 1799.87641479492
 1747.85686523437
 1687.74538574219
 1773.28864501953
 1717.80112548828
 1767.50869506836
 1790.62849487305
 1807.96834472656
 1752.48082519531
 1776.75661499023
 1757.10478515625
 1670.40553588867
 1812.5923046875
 1769.82067504883
 1767.50869506836
 1754.79280517578
 1678.49746582031
 1762.88473510742
 1759.41676513672
 1707.39721557617
 1731.67300537109
 1668.0935559082
 1705.0852355957
 1696.99330566406
 1683.12142578125
 1757.10478515625
 1718.95711547852
 1673.87350585937
 1657.68964599609
 1672.71751586914
 1605.67009643555
 1649.59771606445
 1636.88182617187
 1560.58648681641
 1590.6422265625
 1575.61435668945
 1636.88182617187
 1620.69796630859
 1589.48623657227
 1518.97084716797
 1552.49455688477
 1528.21876708984
 1530.53074707031
 1508.56693725586
 1517.81485717773
 1560.58648681641
 1498.16302734375
 1462.32733764648
 1440.36352783203
 1547.87059692383
 1506.25495727539
 1477.35520751953
 1438.05154785156
 1403.37184814453
 1440.36352783203
 1431.11560791016
 1468.10728759766
 1339.79239868164
 1395.27991821289
 1403.37184814453
 1404.52783813477
 1383.72001831055
 1405.683828125
 1389.49996826172
 1325.92051879883
 1354.82026855469
 1399.90387817383
 1334.01244873047
 1277.36893920898
 1345.57234863281
 1278.52492919922
 1290.08482910156
 1247.31319946289
 1300.48873901367
 1245.00121948242
 1227.66136962891
 1196.44963989258
 1225.34938964844
 1273.90096923828
 1238.06527954102
 1255.40512939453
 1240.37725952148
 1186.04572998047
 1168.70588012695
 1184.88973999023
 1228.81735961914
 1172.17385009766
 1234.59730957031
 1167.54989013672
 1172.17385009766
 1154.94959924316
