Berthold Technologies LB2045

Spektrum 

08.12.20  03:07:46

Real Time[s]: 120,797
Live Time[s]: 105,93
DTL(%): 12,45
Energie:E2048

------------------------------------
 311.342957824707
 348.208336975098
 400.75209576416
 622.685915649414
 1628.22091247559
 3303.05322387695
 5101.82948242187
 6734.2877947998
 8131.57041259766
 9572.28637939453
 10401.7574102783
 10985.4592468262
 11546.9147338867
 12341.4272155762
 13888.0781799316
 15953.8106323242
 18464.4700744629
 21864.9834960938
 25487.9604125977
 28549.481842041
 30678.7752929688
 31589.8162719727
 32352.5482543945
 32469.076751709
 31971.1822631836
 30615.2142944336
 28390.5793457031
 25445.5864135742
 22161.6014892578
 19502.6330505371
 17097.908605957
 14809.7126586914
 12754.5737060547
 11282.0772399902
 9986.49221984863
 8832.86009643555
 8162.29156188965
 7507.61327697754
 7052.09278747559
 6804.20489318848
 6645.30239685059
 6788.31464355469
 6742.76259460449
 6621.9966973877
 6812.67969299316
 6792.55204345703
 6820.09514282227
 6891.07159118652
 7029.84643798828
 7084.93263671875
 7116.71313598633
 7273.49693237305
 7510.7913269043
 7459.94252807617
 7776.68817077637
 7694.05887268066
 7936.65001708984
 8158.05416198731
 8251.27695983887
 8361.44935729981
 8443.01930541992
 8437.72255554199
 8441.95995544434
 8366.74610717773
 8449.37540527344
 8712.09419921875
 8554.25105285645
 8483.27460449219
 8391.11115661621
 8453.61280517578
 8500.22420410156
 8574.37870239258
 8552.13235290527
 8757.64624816895
 8729.04379882813
 9056.38294128418
 9186.68298828125
 9440.92698242188
 9534.14978027344
 9867.84502258301
 9927.16862121582
 10181.4126153564
 10154.9288659668
 10181.4126153564
 10082.893067627
 9711.06122619629
 9458.93593200684
 8891.12434509277
 8630.52425109863
 8177.12246154785
 7734.31417175293
 7413.33112915039
 7098.70418640137
 6888.95289123535
 6662.25199645996
 6533.01129943848
 6520.29909973144
 6306.31040466309
 6423.89825195313
 6438.72915161133
 6456.73810119629
 6796.78944335937
 6947.21713989258
 7307.3961315918
 7572.23362548828
 7958.89636657715
 8379.45830688476
 8613.57465148926
 8903.8365447998
 9017.1869921875
 9206.81063781738
 9267.19358642578
 9266.13423645019
 9255.54073669434
 9113.58783996582
 8696.20394958496
 8508.69900390625
 8183.47856140137
 7727.95807189941
 7307.3961315918
 6828.56994262695
 6533.01129943848
 6207.79085693359
 6141.05180847168
 6061.60056030273
 6164.35750793457
 6156.94205810547
 6472.62835083008
 6778.78049377441
 7095.52613647461
 7549.98727600098
 8074.36551391602
 8800.02024719238
 9466.35138183594
 9982.25481994629
 10506.6330578613
 10996.052746582
 11568.1017333984
 11737.5977294922
 11949.4677246094
 11991.8417236328
 11674.036730957
 11525.727734375
 11197.3292419434
 10450.4875091553
 10127.3857666016
 9426.09608276367
 8615.69335144043
 8039.40696472168
 7459.94252807617
 6838.10409240723
 6463.0942010498
 6286.18275512695
 6047.82901062012
 6223.68110656738
 6288.30145507812
 6760.77154418945
 7018.19358825684
 7704.65237243652
 8265.04850952148
 9185.62363830566
 10180.3532653809
 10752.4022521973
 11822.3457275391
 12489.7362121582
 13316.0291931152
 14057.5741760254
 14407.1596679688
 14905.0541564941
 14905.0541564941
 14862.6801574707
 14566.0621643066
 14163.509173584
 13496.1186889648
 12786.3542053223
 12171.9312194824
 11070.207244873
 10189.8874151611
 9163.37728881836
 8527.7673034668
 7440.87422851562
 6534.07064941406
 5902.69806396484
 5274.50352844238
 4729.99764099121
 4318.96985046387
 3927.01035949707
 3673.82571533203
 3492.67686950684
 3384.62317199707
 3191.82147644043
 3029.74093017578
 2967.23928161621
 2931.22138244629
 2773.37823608398
 2680.15543823242
 2722.52943725586
 2658.9684387207
 2635.66273925781
 2638.84078918457
 2546.67734130859
 2417.43664428711
 2355.99434570313
 2343.28214599609
 2355.99434570313
 2407.90249450684
 2238.40649841309
 2209.80404907227
 2166.37070007324
 2224.63494873047
 2033.951953125
 2127.17475097656
 2042.42675292969
 2067.85115234375
 1964.03485473633
 2014.88365356445
 1984.16250427246
 1933.31370544434
 1844.32830749512
 1955.56005493164
 1878.22750671387
 1912.12670593262
 1914.24540588379
 1958.7381048584
 1922.72020568848
 1867.63400695801
 1826.31935791016
 1835.85350769043
 1863.39660705566
 1886.70230651855
 1833.73480773926
 1785.0047088623
 1800.89495849609
 1806.19170837402
 1788.18275878906
 1788.18275878906
 1739.45265991211
 1778.64860900879
 1769.11445922852
 1678.01036132812
 1743.69005981445
 1747.9274597168
 1704.49411071777
 1666.35751159668
 1683.30711120605
 1678.01036132812
 1519.10786499023
 1605.97456298828
 1618.68676269531
 1546.65096435547
 1544.5322644043
 1525.46396484375
 1500.03956542969
 1545.59161437988
 1596.44041320801
 1524.40461486816
 1546.65096435547
 1507.45501525879
 1591.14366333008
 1501.09891540527
 1530.76071472168
 1490.50541564941
 1449.19076660156
 1515.92981506348
 1483.08996582031
 1449.19076660156
 1478.85256591797
 1462.96231628418
 1467.19971618652
 1430.12246704102
 1509.57371520996
 1558.30381408691
 1589.02496337891
 1544.5322644043
 1551.9477142334
 1703.43476074219
 1686.48516113281
 1734.15591003418
 1864.45595703125
 1979.92510437012
 2129.29345092773
 2313.62034667969
 2355.99434570313
 2514.89684204102
 2819.98963500977
 3021.26613037109
 3259.61987487793
 3684.41921508789
 3942.90060913086
 4358.16579956055
 4432.32029785156
 4846.52613830566
 5133.60998168945
 5433.40602478027
 6004.39566162109
 6083.84690979004
 6291.47950500488
 6472.62835083008
 6574.32594848633
 6634.70889709473
 6873.06264160156
 6919.67404052734
 6710.98209533691
 6542.54544921875
 6534.07064941406
 6306.31040466309
 6173.89165771484
 5826.42486572266
 5542.51907226563
 5135.72868164062
 4885.72208740234
 4454.56664733887
 4133.58360473633
 3723.61516418457
 3400.51342163086
 3040.33442993164
 2892.02543334961
 2624.00988952637
 2415.31794433594
 2247.94064819336
 2022.29910339355
 1821.02260803223
 1798.77625854492
 1652.58596191406
 1586.90626342773
 1496.86151550293
 1490.50541564941
 1450.25011657715
 1387.74846801758
 1357.02731872559
 1434.35986694336
 1365.50211853027
 1348.5525189209
 1336.89966918945
 1287.11022033691
 1210.83702209473
 1344.31511901855
 1274.39802062988
 1289.22892028809
 1280.7541204834
 1262.74517089844
 1242.6175213623
 1310.4159197998
 1243.67687133789
 1258.50777099609
 1251.09232116699
 1239.43947143555
 1216.13377197266
 1236.26142150879
 1173.75977294922
 1169.52237304687
 1159.9882232666
 1266.98257080078
 1209.77767211914
 1215.07442199707
 1240.49882141113
 1190.70937255859
 1255.32972106934
 1189.65002258301
 1197.06547241211
 1194.94677246094
 1192.82807250977
 1209.77767211914
 1171.64107299805
 1278.63542053223
 1268.04192077637
 1265.9232208252
 1250.03297119141
 1284.99152038574
 1281.81347045898
 1322.06876953125
 1361.26471862793
 1346.43381896973
 1466.14036621094
 1415.29156738281
 1462.96231628418
 1409.99481750488
 1488.38671569824
 1447.07206665039
 1464.02166625977
 1469.3184161377
 1485.20866577148
 1501.09891540527
 1526.52331481934
 1429.06311706543
 1409.99481750488
 1479.91191589355
 1377.15496826172
 1423.7663671875
 1454.48751647949
 1423.7663671875
 1394.10456787109
 1300.88177001953
 1283.93217041016
 1292.40697021484
 1301.94111999512
 1261.68582092285
 1266.98257080078
 1223.54922180176
 1229.90532165527
 1240.49882141113
 1198.1248223877
 1183.29392272949
 1164.22562316895
 1087.95242492676
 1107.0207244873
 1101.72397460938
 1089.01177490234
 1085.83372497559
 1072.06217529297
 1033.07809619141
 1039.2223260498
 1102.78332458496
 1033.92557617188
 1053.20574572754
 1077.3589251709
 1050.55737078857
 1019.94215649414
 1026.93386633301
 1014.64540661621
 990.068487182617
 993.564342102051
 940.067168334961
 1006.80621679687
 947.164813171387
 953.309043029785
 968.139942687988
 911.146914001465
 894.515119384766
 941.020583312988
 931.380498535156
 950.66066809082
 900.659349243164
 910.299434020996
 900.659349243164
 872.586574890137
 879.578284729004
 916.443663879395
 897.16349432373
 918.138623840332
 889.218369506836
 888.370889526367
 941.020583312988
 894.515119384766
 888.370889526367
 914.642768920898
 895.362599365234
 881.3791796875
 923.435373718262
 873.434054870605
 891.019264465332
 913.79528894043
 919.939518798828
 948.859773132324
 935.723833435059
 933.075458496094
 889.218369506836
 923.435373718262
 969.093357666016
 907.651059082031
 975.237587524414
 923.435373718262
 936.571313415527
 937.524728393555
 907.651059082031
 905.956099121094
 921.740413757324
 907.651059082031
 855.00136529541
 850.658030395508
 885.722514587402
 891.866744445801
 849.810550415039
 899.811869262695
 832.225340820312
 814.746066223145
 804.152566467285
 781.376541992188
 785.71987689209
 742.816202880859
 698.959113891602
 797.160856628418
 718.239283447266
 699.80659387207
 746.312057800293
 767.393122314453
 708.599198669434
 719.086763427734
 734.023598083496
 713.895948547363
 667.390484619141
 704.255863769531
 690.166509094238
 653.301129943848
 688.471549133301
 652.453649963379
 655.949504882813
 642.813565185547
 664.742109680176
 678.72552935791
 641.012670227051
 660.398774780273
 597.261516235352
 634.974375366211
 600.757371154785
 647.156900085449
 588.468911437988
 613.893310852051
 609.44404095459
 554.251907226562
 619.19006072998
 634.020960388184
 635.82185534668
 593.659726318359
 670.886339538574
 646.309420104981
 636.669335327148
 649.805275024414
 644.614460144043
 653.301129943848
 641.966085205078
 655.949504882813
 610.397455932617
 666.543004638672
 688.471549133301
 657.750399841309
 671.733819519043
 674.382194458008
 689.319029113769
 704.255863769531
 719.086763427734
 720.88765838623
 780.529062011719
 755.104662597656
 800.656711547852
 826.081110961914
 864.641450073242
 830.530380859375
 924.28285369873
 898.010974304199
 906.803579101563
 940.067168334961
 1041.87070098877
 1055.8541206665
 1013.79792663574
 1095.36787475586
 1080.53697509766
 1118.67357421875
 1179.05652282715
 1186.47197265625
 1247.91427124023
 1220.371171875
 1252.15167114258
 1206.59962219238
 1189.65002258301
 1280.7541204834
 1179.05652282715
 1229.90532165527
 1173.75977294922
 1232.02402160645
 1200.24352233887
 1241.55817138672
 1199.18417236328
 1203.42157226562
 1131.38577392578
 1052.35826574707
 1067.82477539063
 1100.66462463379
 1010.30207171631
 982.229297363281
 971.635797607422
 941.868063293457
 904.155204162598
 893.667639404297
 836.674610717773
 818.241921142578
 788.368251831055
 812.945171264648
 720.88765838623
 732.222703125
 670.886339538574
 645.461940124512
 697.158218933106
 672.68723449707
 641.012670227051
 638.470230285645
 634.020960388184
 611.244935913086
 600.757371154785
 650.758690002441
 623.533395629883
 603.40574609375
 608.596560974121
 584.973056518555
 623.533395629883
 649.805275024414
 662.093734741211
 666.543004638672
 610.397455932617
 627.029250549316
 651.60616998291
 692.814884033203
 649.805275024414
 644.614460144043
 698.111633911133
 684.869759216309
 651.60616998291
 655.102024902344
 711.247573608399
 719.086763427734
 741.015307922363
 717.391803466797
 688.471549133301
 721.735138366699
 690.166509094238
 674.382194458008
 677.878049377441
 716.43838848877
 691.013989074707
 658.597879821777
 702.454968811035
 702.454968811035
 669.085444580078
 672.68723449707
 684.02227923584
 636.669335327148
 638.470230285645
 658.597879821777
 635.82185534668
 620.037540710449
 600.757371154785
 601.604851135254
 589.316391418457
 579.676306640625
 570.883701843262
 570.883701843262
 584.973056518555
 562.091097045898
 526.179132873535
 498.106358520508
 509.547338256836
 506.051483337402
 525.331652893066
 496.41139855957
 499.907253479004
 494.610503601074
 520.034903015137
 482.322043884277
 523.53075793457
 516.539048095703
 458.698539428711
 451.600894592285
 454.24926953125
 458.698539428711
 435.816579956055
 446.410079711914
 479.673668945312
 467.385209228516
 520.034903015137
 473.529439086914
 441.960809814453
 446.410079711914
 498.106358520508
 485.817898803711
 498.953838500977
 522.683277954102
 509.547338256836
 547.260197387695
 512.195713195801
 533.170842712402
 563.044512023926
 557.747762145996
 620.037540710449
 613.893310852051
 540.16255255127
 583.172161560059
 627.876730529785
 610.397455932617
 627.029250549316
 645.461940124512
 701.607488830566
 622.685915649414
 663.894629699707
 660.398774780273
 668.237964599609
 621.732500671387
 667.390484619141
 637.516815307617
 666.543004638672
 645.461940124512
 689.319029113769
 677.878049377441
 649.805275024414
 635.82185534668
 602.452331115723
 630.52510546875
 638.470230285645
 564.739471984863
 589.316391418457
 606.901601013184
 619.19006072998
 583.172161560059
 598.956476196289
 553.404427246094
 576.180451721191
 524.378237915039
 532.323362731934
 513.043193176269
 533.170842712402
 480.62708392334
 490.267168701172
 481.474563903809
 509.547338256836
 478.826188964844
 479.673668945312
 477.978708984375
 463.889354309082
 463.889354309082
 413.888035461426
 417.383890380859
 459.54601940918
 420.985680297852
 421.83316027832
 442.91422479248
 414.841450439453
 427.12991015625
 430.625765075684
 449.058454650879
 446.410079711914
 443.761704772949
 412.193075500488
 463.041874328613
 434.969099975586
 424.481535217285
 404.247950683594
 447.257559692383
 427.977390136719
 436.769994934082
 441.113329833984
 417.383890380859
 403.400470703125
 419.184785339355
 460.393499389648
 404.247950683594
 418.337305358887
 421.83316027832
 427.12991015625
 409.544700561523
 418.337305358887
 409.544700561523
 381.471926208496
 370.984361450195
 394.607865905762
 418.337305358887
 381.471926208496
 400.75209576416
 361.344276672363
 335.919877258301
 361.344276672363
 387.616156066895
 355.200046813965
 373.63273638916
 347.25492199707
 370.030946472168
 345.559962036133
 348.208336975098
 322.678002563477
 345.559962036133
 353.399151855469
 330.623127380371
 334.966462280273
 282.422703491211
 276.278473632813
 284.117663452148
 321.830522583008
 328.822232421875
 304.35124798584
 273.630098693848
 306.046207946777
 313.037917785645
 306.046207946777
 287.613518371582
 273.630098693848
 253.396514160156
 270.134243774414
 280.621808532715
 254.349929138184
 290.261893310547
 247.252284301758
 288.566933349609
 274.477578674316
 265.684973876953
 263.142533935547
 241.213989440918
 246.404804321289
 243.756429382324
 270.981723754883
 264.837493896484
 270.134243774414
 242.908949401855
 260.494158996582
 256.044889099121
 234.116344604492
 214.836175048828
 253.396514160156
 257.845784057617
 229.77300970459
 243.756429382324
 235.06975958252
 227.972114746094
 213.141215087891
 247.252284301758
 242.061469421387
 226.277154785156
 251.701554199219
 213.988695068359
 209.645360168457
 236.764719543457
 233.268864624023
 242.061469421387
 230.620489685059
 273.630098693848
 249.900659240723
 237.612199523926
 227.124634765625
 242.908949401855
 249.053179260254
 233.268864624023
 275.325058654785
 218.332029968262
 252.549034179687
 246.404804321289
 250.85407421875
 273.630098693848
 244.709844360352
 284.117663452148
 266.63838885498
 275.325058654785
 322.678002563477
 299.05449810791
 309.542062866211
 291.109373291016
 301.702873046875
 310.495477844238
 300.749458068848
 313.991332763672
 355.200046813965
 355.200046813965
 345.559962036133
 391.112010986328
 396.408760864258
 389.417051025391
 409.544700561523
 419.184785339355
 419.184785339355
 440.265849853516
 446.410079711914
 454.24926953125
 470.033584167481
 451.600894592285
 473.529439086914
 481.474563903809
 531.475882751465
 508.593923278809
 542.810927490234
 497.258878540039
 531.475882751465
 511.242298217773
 523.53075793457
 547.260197387695
 570.883701843262
 527.026612854004
 587.62143145752
 526.179132873535
 540.16255255127
 545.459302429199
 497.258878540039
 498.106358520508
 521.835797973633
 516.539048095703
 506.898963317871
 432.320725036621
 503.403108398438
 440.265849853516
 437.617474914551
 427.977390136719
 393.760385925293
 395.561280883789
 406.04884564209
 404.247950683594
 363.039236633301
 349.903296936035
 325.326377502441
 350.750776916504
 328.822232421875
 342.064107116699
 320.13556262207
 271.829203735352
 283.27018347168
 292.062788269043
 249.900659240723
 237.612199523926
 295.558643188477
 279.774328552246
 261.341638977051
 234.116344604492
 235.06975958252
 229.77300970459
 219.285444946289
 235.06975958252
 226.277154785156
 209.645360168457
 220.132924926758
 223.628779846191
 215.683655029297
 209.645360168457
 217.484549987793
 205.196090270996
 199.899340393066
 207.844465209961
 222.781299865723
 186.763400695801
 206.996985229492
 206.996985229492
 188.564295654297
 178.924210876465
 193.861045532227
 199.051860412598
 185.915920715332
 177.123315917969
 174.474940979004
 164.834856201172
 153.499811462402
 137.715496826172
 166.635751159668
 168.330711120605
 139.410456787109
 178.076730895996
 156.148186401367
 123.626142150879
 135.067121887207
 142.906311706543
 163.139896240234
 152.546396484375
 157.843146362305
 128.07541204834
 142.906311706543
 134.219641906738
 141.211351745605
 115.786952331543
 120.977767211914
 130.617851989746
 120.130287231445
 117.48191229248
 97.3542627563477
 108.795242492676
 98.2017427368164
 111.337682434082
 118.435327270508
 119.282807250977
 120.977767211914
 109.642722473145
 124.579557128906
 123.626142150879
 114.833537353516
 94.7058878173828
 112.291097412109
 100.850117675781
 107.841827514648
 111.337682434082
 93.8584078369141
 117.48191229248
 105.193452575684
 106.146867553711
 92.057512878418
 112.291097412109
 103.498492614746
 93.0109278564453
 96.5067827758789
 89.4091379394531
 100.002637695313
 77.1206782226563
 101.69759765625
 73.6248233032227
 74.57823828125
 95.5533677978516
 95.5533677978516
 77.1206782226563
 103.498492614746
 75.4257182617187
 98.2017427368164
 71.9298633422852
 81.5699481201172
 83.2649080810547
 77.1206782226563
 91.2100328979492
 63.9847385253906
 86.8666979980469
 67.4805934448242
 78.9215731811523
 67.4805934448242
 85.0658030395508
 75.4257182617187
 68.4340084228516
 81.5699481201172
 75.4257182617187
 62.2897785644531
 65.7856334838867
 74.57823828125
 64.938153503418
 70.1289683837891
 62.2897785644531
 78.9215731811523
 59.6414036254883
 87.7141779785156
 76.2731982421875
 65.7856334838867
 83.2649080810547
 71.0823833618164
 71.0823833618164
 74.57823828125
 72.7773433227539
 87.7141779785156
 77.1206782226563
