Berthold Technologies LB2045

Spektrum 

08.12.20  03:12:04

Real Time[s]: 120,844
Live Time[s]: 95,67
DTL(%): 20,93
Energie:E256 

------------------------------------
 578.713864601135
 620.713432556152
 722.029019035339
 741.067547561646
 766.324690933228
 867.735948410034
 945.325127479553
 996.891795196533
 1109.7835723877
 1120.30738212585
 1150.92210136414
 1175.79656074524
 1261.90045860291
 1290.60175788879
 1368.09526596069
 1484.81388305664
 1496.294402771
 1517.34202224731
 1525.95241203308
 1571.8744908905
 1586.22514053345
 1655.10825881958
 1669.45890846252
 1698.16020774841
 1619.70998970032
 1725.90479705811
 1706.77059753418
 1761.30306617737
 1703.90046760559
 1707.72730751038
 1773.74029586792
 1749.82254646301
 1683.80955810547
 1644.58444908142
 1737.38531677246
 1683.80955810547
 1699.11691772461
 1667.54548851013
 1704.85717758179
 1716.33769729614
 1655.10825881958
 1691.46323791504
 1727.8182170105
 1725.90479705811
 1704.85717758179
 1683.80955810547
 1723.03466712952
 1754.60609634399
 1737.38531677246
 1731.64505691528
 1739.29873672485
 1615.88314979553
 1758.43293624878
 1745.99570655823
 1681.89613815308
 1710.59743743896
 1748.86583648682
 1687.63639801025
 1639.80089920044
 1750.77925643921
 1713.46756736755
 1742.16886665344
 1697.20349777222
 1725.90479705811
 1681.89613815308
 1698.16020774841
 1758.43293624878
 1767.04332603455
 1676.1558782959
 1795.74462532043
 1685.72297805786
 1773.74029586792
 1633.10392936707
 1788.09094551086
 1659.89180870056
 1750.77925643921
 1787.13423553467
 1750.77925643921
 1745.99570655823
 1730.68834693909
 1772.78358589172
 1725.90479705811
 1732.60176689148
 1841.66670417786
 1790.00436546326
 1794.78791534424
 1842.62341415405
 1779.4805557251
 1891.41562294006
 1796.70133529663
 1763.21648612976
 1885.67536308289
 1927.77060203552
 1882.8052331543
 1911.50653244019
 1931.59744194031
 1968.90913101196
 1964.12558113098
 1976.56281082153
 1888.54549301147
 1977.51952079773
 1905.76627258301
 2019.61475975037
 1961.25545120239
 2010.0476599884
 1986.1299105835
 2037.7922492981
 1996.65372032166
 2077.01735832214
 2080.84419822693
 2082.75761817932
 2071.27709846497
 2075.10393836975
 2160.25112625122
 2136.33337684631
 2173.64506591797
 2229.13424453735
 2217.653724823
 2229.13424453735
 2342.02602172852
 2260.70567375183
 2275.05632339478
 2308.54117256165
 2360.20351127625
 2334.37234191895
 2383.16455070496
 2381.25113075256
 2393.68836044312
 2424.3030796814
 2491.27277801514
 2538.15156684876
 2463.52818870544
 2531.45459701538
 2582.16022575378
 2584.07364570618
 2629.9957245636
 2553.4589264679
 2572.59312599182
 2654.8701839447
 2691.22516304016
 2682.61477325439
 2706.5325226593
 2669.22083358765
 2775.41564094543
 2786.89616065979
 2646.25979415894
 2777.32906089783
 2806.98707015991
 2837.60178939819
 2835.6883694458
 2837.60178939819
 2861.5195388031
 2946.66672668457
 2905.52819770813
 2874.91347846985
 2884.48057823181
 2897.87451789856
 2992.58880554199
 2956.23382644653
 2917.96542739868
 2923.70568725586
 2971.54118606567
 2953.36369651794
 3069.1256036377
 2981.10828582764
 3009.80958511353
 2988.76196563721
 2990.6753855896
 3094.956772995
 3049.03469413757
 3027.03036468506
 2957.19053642273
 2899.78793785095
 2962.93079627991
 3047.12127418518
 2951.45027656555
 2946.66672668457
 2946.66672668457
 2930.40265708923
 2919.87884735107
 2849.08230911255
 2866.30308868408
 2821.33771980286
 2886.3939981842
 2800.29010032654
 2813.68403999329
 2856.73598892212
 2821.33771980286
 2777.32906089783
 2797.41997039795
 2836.645079422
 2630.95243453979
 2796.46326042175
 2678.78793334961
 2658.69702384949
 2590.77061553955
 2516.14723739624
 2607.03468513489
 2567.80957611084
 2516.14723739624
 2544.84853668213
 2503.71000770569
 2510.40697753906
 2472.13857849121
 2421.43294975281
 2378.38100082397
 2384.12126068115
 2275.05632339478
 2288.45026306152
 2260.70567375183
 2223.39398468018
 2219.56714477539
 2109.54549751282
 2178.42861579895
 2133.46324691772
 1989.95675048828
 2040.66237922668
 2022.48488967896
 1965.08229110718
 1938.29441177368
 1884.71865310669
 1774.69700584412
 1865.58445358276
 1892.37233291626
 1804.3550151062
 1782.35068565369
 1807.22514503479
 1723.99137710571
 1760.34635620117
 1695.29007781982
 1713.46756736755
 1663.71864860535
 1625.4502495575
 1565.17752105713
 1576.65804077148
 1538.38964172363
 1534.56280181885
 1505.86150253296
 1460.89613365173
 1456.11258377075
 1530.73596191406
 1416.8874747467
 1416.8874747467
 1373.83552581787
 1338.43725669861
 1402.53682510376
 1321.21647712708
 1273.38097831726
 1261.90045860291
 1254.24677879333
 1273.38097831726
 1274.33768829346
 1180.58011062622
 1263.8138785553
 1216.93508972168
 1237.982709198
 1181.53682060242
 1232.24244934082
 1133.7013217926
 1173.88314079285
 1149.00868141174
 1172.92643081665
 1048.55413391113
 1170.05630088806
 1140.39829162598
 1166.22946098328
 1099.25976264954
 1089.69266288757
 1116.48054222107
 1091.60608283997
 1077.25543319702
 1071.51517333984
 1039.94374412537
 1047.59742393494
 1020.80954460144
 1085.86582298279
 1062.90478355408
 1034.20348426819
 1026.54980445862
 997.848505172729
 1029.41993438721
 1039.94374412537
 1050.46755386353
 951.639413322449
 983.497855529785
 997.848505172729
 1034.20348426819
 1016.98270469666
 966.277075958252
 956.709976196289
 999.761925125122
 931.070148834228
 965.320365982056
 1025.59309448242
 977.757595672608
 975.844175720215
 993.064955291748
 931.070148834228
 965.320365982056
 1013.15586479187
 945.325127479553
 989.238115386963
 1004.5454750061
 984.454565505981
 900.168416603088
 1004.5454750061
 988.281405410767
 950.013006362915
 957.666686172485
 1016.98270469666
 997.848505172729
 960.536816101074
 938.149802658081
 968.190495910644
 973.930755767822
 970.103915863037
 962.450236053467
 964.363656005859
 984.454565505981
 1024.63638450623
 1007.41560493469
 1012.19915481567
 1016.98270469666
 984.454565505981
 997.848505172729
 985.411275482178
 994.021665267944
 1033.24677429199
 1007.41560493469
 954.031188262939
 1039.94374412537
 984.454565505981
 984.454565505981
 1017.93941467285
 984.454565505981
 1029.41993438721
 1026.54980445862
 1053.33768379211
 1025.59309448242
 963.406946029663
 1035.16019424438
 1030.3766443634
 1002.63205505371
 1023.67967453003
 956.327292205811
 1030.3766443634
 963.406946029663
 1027.50651443481
 991.151535339355
 1015.06928474426
 1040.90045410156
 1010.28573486328
 1015.06928474426
 1048.55413391113
 1035.16019424438
 1022.72296455383
 1019.85283462524
 975.844175720215
 1046.64071395874
 1058.1212336731
 1012.19915481567
 1045.68400398254
 1082.038983078
 1059.07794364929
 1058.1212336731
 1025.59309448242
 1009.32902488708
 1056.2078137207
 1094.47621276855
 1050.46755386353
 1029.41993438721
 1070.55846336365
 1065.77491348267
 1072.47188331604
 1061.94807357788
 1119.35067214966
 1069.60175338745
 1039.94374412537
 1101.17318260193
 1137.52816169739
 1105.95673248291
 1065.77491348267
 1061.94807357788
 1088.73595291138
 1160.4892011261
 1041.85716407776
 1108.8268624115
 1117.43725219727
 1076.29872322083
 1081.08227310181
 1091.60608283997
 1119.35067214966
 1094.47621276855
 1067.68833343506
 1069.60175338745
 1102.12989257813
 1062.90478355408
 1149.00868141174
 1128.91777191162
 1094.47621276855
 1069.60175338745
 1123.17751205444
 1117.43725219727
 1140.39829162598
 1093.51950279236
 1112.65370231628
 1092.56279281616
 1072.47188331604
 1106.91344245911
 1149.96539138794
 1112.65370231628
 1158.57578117371
 1171.96972084045
 1176.75327072144
 1152.83552131653
 1127.00435195923
 1167.18617095947
 1194.93076026917
 1100.21647262573
 1121.26409210205
 1155.70565124512
 1178.66669067383
 1180.58011062622
 1195.88747024536
 1133.7013217926
 1175.79656074524
 1165.27275100708
 1213.10824981689
 1145.18184150696
 1127.00435195923
 1098.30305267334
 1139.44158164978
 1209.28140991211
 1171.96972084045
 1181.53682060242
 1243.72296905518
 1211.1948298645
 1112.65370231628
 1133.7013217926
 1172.92643081665
 1196.84418022156
 1209.28140991211
 1204.49786003113
 1181.53682060242
 1192.06063034058
 1168.14288093567
 1177.70998069763
 1202.58444007874
 1184.40695053101
 1191.10392036438
 1180.58011062622
 1166.22946098328
 1183.45024055481
 1191.10392036438
 1173.88314079285
 1215.02166976929
 1186.3203704834
 1192.06063034058
 1213.10824981689
 1223.63205955505
 1241.80954910278
 1237.0259992218
 1214.06495979309
 1165.27275100708
 1186.3203704834
 1245.63638900757
 1185.3636605072
 1127.00435195923
 1116.48054222107
 1191.10392036438
 1246.59309898376
 1191.10392036438
 1152.83552131653
 1184.40695053101
 1202.58444007874
 1237.982709198
 1222.67534957886
 1253.29006881714
 1177.70998069763
 1135.61474174499
 1203.54115005493
 1177.70998069763
 1210.23811988831
 1236.06928924561
 1259.98703865051
 1178.66669067383
 1219.80521965027
 1227.45889945984
 1264.77058853149
 1241.80954910278
 1272.42426834106
 1205.45457000732
 1186.3203704834
 1221.71863960266
 1209.28140991211
 1257.11690872192
 1209.28140991211
 1200.67102012634
 1242.76625907898
 1250.41993888855
 1202.58444007874
 1291.55846786499
 1187.27708045959
 1233.19915931702
 1243.72296905518
 1228.41560943604
 1215.02166976929
 1255.20348876953
 1196.84418022156
 1169.09959091187
 1201.62773010254
 1287.73162796021
 1227.45889945984
 1209.28140991211
 1282.94807807922
 1157.61907119751
 1255.20348876953
 1249.46322891235
 1240.85283912659
 1230.32902938843
 1223.63205955505
 1176.75327072144
 1239.89612915039
 1200.67102012634
 1351.83119636536
 1237.982709198
 1309.73595741272
 1275.29439826965
 1250.41993888855
 1256.16019874573
 1281.99136810303
 1251.37664886475
 1237.0259992218
 1234.15586929321
 1309.73595741272
 1246.59309898376
 1253.29006881714
 1306.86582748413
 1314.5195072937
 1243.72296905518
 1242.76625907898
 1312.60608734131
 1247.54980895996
 1241.80954910278
 1269.55413841248
 1269.55413841248
 1304.95240753174
 1281.03465812683
 1289.6450479126
 1372.87881584167
 1224.58876953125
 1331.74028686523
 1333.65370681763
 1350.87448638916
 1313.5627973175
 1294.42859779358
 1255.20348876953
 1297.29872772217
 1347.04764648438
 1365.2251360321
 1360.44158615112
 1308.77924743652
 1303.03898757935
 1287.73162796021
 1332.69699684143
 1343.22080657959
 1362.35500610352
 1313.5627973175
 1355.65803627014
 1326.00002700806
 1324.08660705566
 1340.350676651
 1264.77058853149
 1261.90045860291
 1286.77491798401
 1358.52816619873
 1344.17751655579
 1333.65370681763
 1319.30305717468
 1305.90911750793
 1319.30305717468
 1287.73162796021
 1271.46755836487
 1292.51517784119
 1263.8138785553
 1262.8571685791
 1325.04331703186
 1354.70132629395
 1338.43725669861
 1281.03465812683
 1298.25543769836
 1311.64937736511
 1293.47188781738
 1300.16885765076
 1328.87015693665
 1328.87015693665
 1280.07794815063
 1296.34201774597
 1259.98703865051
 1315.4762172699
 1262.8571685791
 1238.93941917419
 1296.34201774597
 1316.43292724609
 1292.51517784119
 1263.8138785553
 1243.72296905518
 1233.19915931702
 1321.21647712708
 1255.20348876953
 1273.38097831726
 1232.24244934082
 1247.54980895996
 1295.38530776978
 1195.88747024536
 1201.62773010254
 1204.49786003113
 1154.74894126892
 1246.59309898376
 1166.22946098328
 1199.71431015015
 1186.3203704834
 1188.23379043579
 1195.88747024536
 1208.32469993591
 1158.57578117371
 1149.96539138794
 1161.44591110229
 1104.04331253052
 1126.04764198303
 1127.96106193542
 1166.22946098328
 1150.92210136414
 1105.00002250671
 1103.08660255432
 1094.47621276855
 1117.43725219727
 1121.26409210205
 1139.44158164978
 1110.74028236389
 1130.83119186401
 1100.21647262573
 1081.08227310181
 1061.94807357788
 1036.11690422058
 1020.80954460144
 1114.56712226868
 1056.2078137207
 1063.86149353027
 1071.51517333984
 1082.038983078
 1076.29872322083
 1078.21214317322
 1053.33768379211
 1041.85716407776
 1053.33768379211
 1074.38530326843
 1053.33768379211
 1133.7013217926
 1007.41560493469
 1083.9524030304
 1018.89612464905
 1039.94374412537
 1064.81820350647
 1035.16019424438
 1028.46322441101
 1065.77491348267
 1048.55413391113
 966.277075958252
 1012.19915481567
 1016.98270469666
 1096.38963272095
 1023.67967453003
 984.454565505981
 1025.59309448242
 1008.37231491089
 989.238115386963
 1039.94374412537
 1018.89612464905
 976.800885696411
 979.671015625
 1048.55413391113
 1017.93941467285
 1032.2900643158
 967.233785934448
 1081.08227310181
 1037.07361419678
 1063.86149353027
 1043.77058403015
 971.060625839233
 1039.94374412537
 1093.51950279236
 1036.11690422058
 1000.71863510132
 1122.22080207825
 1023.67967453003
 1019.85283462524
 1023.67967453003
 991.151535339355
 1023.67967453003
 961.493526077271
 1020.80954460144
 994.021665267944
 1026.54980445862
 1055.25110374451
 1063.86149353027
 1037.07361419678
 1054.29439376831
 1048.55413391113
 1095.43292274475
 1001.67534507751
 1104.04331253052
 1080.12556312561
 1043.77058403015
 1055.25110374451
 1095.43292274475
 1049.51084388733
 1053.33768379211
 1028.46322441101
 1100.21647262573
 1179.62340065002
 1048.55413391113
 1069.60175338745
 1075.34201324463
 1085.86582298279
 1077.25543319702
 1079.16885314941
 1056.2078137207
 1080.12556312561
 1112.65370231628
 1158.57578117371
 1124.13422203064
 1104.04331253052
 1122.22080207825
 1210.23811988831
 1114.56712226868
 1165.27275100708
 1151.87881134033
 1140.39829162598
 1191.10392036438
 1111.69699234009
 1118.39396217346
 1214.06495979309
 1159.5324911499
 1115.52383224487
 1173.88314079285
 1205.45457000732
 1203.54115005493
 1150.92210136414
 1241.80954910278
 1199.71431015015
 1200.67102012634
 1177.70998069763
 1154.74894126892
 1191.10392036438
 1156.66236122131
 1187.27708045959
 1194.93076026917
 1184.40695053101
 1173.88314079285
 1183.45024055481
 1233.19915931702
 1197.80089019775
 1256.16019874573
 1188.23379043579
 1173.88314079285
 1232.24244934082
 1213.10824981689
 1198.75760017395
 1151.87881134033
 1216.93508972168
 1250.41993888855
 1237.0259992218
 1204.49786003113
 1161.44591110229
 1211.1948298645
 1191.10392036438
 1223.63205955505
 1269.55413841248
 1197.80089019775
 1187.27708045959
 1232.24244934082
 1265.72729850769
 1237.0259992218
 1196.84418022156
 1189.19050041199
 1267.64071846008
 1180.58011062622
 1236.06928924561
 1199.71431015015
 1263.8138785553
 1108.8268624115
 1213.10824981689
 1173.88314079285
 1201.62773010254
 1159.5324911499
 1195.88747024536
 1197.80089019775
 1188.23379043579
 1179.62340065002
 1170.05630088806
 1192.06063034058
 1219.80521965027
 1169.09959091187
 1177.70998069763
 1141.35500160217
 1184.40695053101
 1163.35933105469
 1143.26842155457
 1171.96972084045
 1158.57578117371
 1105.00002250671
 1149.96539138794
 1186.3203704834
 1139.44158164978
 1182.49353057861
 1089.69266288757
 1103.08660255432
 1147.09526145935
 1123.17751205444
 1131.78790184021
 1104.04331253052
 1108.8268624115
 1105.00002250671
 1115.52383224487
 1125.09093200684
 1101.17318260193
 1043.77058403015
 1067.68833343506
 1091.60608283997
 1089.69266288757
 1044.72729400635
 1075.34201324463
 990.194825363159
 1079.16885314941
 1105.95673248291
 1060.99136360168
 1063.86149353027
 1047.59742393494
 1021.76625457764
 1074.38530326843
 1059.07794364929
 987.32469543457
 1034.20348426819
 1042.81387405396
 1027.50651443481
 1022.72296455383
 1099.25976264954
 1014.11257476807
 1026.54980445862
 1045.68400398254
 1014.11257476807
 985.411275482178
 998.805215148926
 993.064955291748
 993.064955291748
 1020.80954460144
 1023.67967453003
 982.541145553589
 979.671015625
 1033.24677429199
 994.978375244141
 962.450236053467
 1008.37231491089
 954.031188262939
 974.887465744019
 994.978375244141
 972.974045791626
 947.621231422424
 998.805215148926
 954.796556243896
 973.930755767822
 1002.63205505371
 971.060625839233
 973.930755767822
 948.482270401001
 960.536816101074
 973.930755767822
 978.714305648804
 967.233785934448
 987.32469543457
 935.75802771759
 974.887465744019
 1019.85283462524
 962.450236053467
 1043.77058403015
 1039.94374412537
 953.170149284363
 1002.63205505371
 1016.98270469666
 1005.5021849823
 990.194825363159
 950.778374343872
 974.887465744019
 1006.4588949585
 994.978375244141
 1022.72296455383
 1014.11257476807
 1061.94807357788
 1094.47621276855
 1007.41560493469
 1048.55413391113
 1041.85716407776
 1007.41560493469
 1083.9524030304
 1049.51084388733
 1043.77058403015
 1061.94807357788
 1049.51084388733
 1053.33768379211
 1054.29439376831
 1069.60175338745
 1077.25543319702
 1086.82253295898
 1112.65370231628
 1071.51517333984
 1130.83119186401
 1128.91777191162
 1053.33768379211
 1090.64937286377
 1122.22080207825
 1147.09526145935
 1062.90478355408
 1085.86582298279
 1108.8268624115
 1093.51950279236
 1098.30305267334
 1115.52383224487
 1168.14288093567
 1121.26409210205
 1149.96539138794
 1178.66669067383
 1151.87881134033
 1114.56712226868
 1177.70998069763
 1171.96972084045
 1193.01734031677
 1193.01734031677
 1155.70565124512
 1218.84850967407
 1154.74894126892
 1223.63205955505
 1204.49786003113
 1236.06928924561
 1148.05197143555
 1168.14288093567
 1209.28140991211
 1210.23811988831
 1246.59309898376
 1204.49786003113
 1212.1515398407
 1219.80521965027
 1237.982709198
 1288.6883379364
 1265.72729850769
 1221.71863960266
 1227.45889945984
 1262.8571685791
 1237.0259992218
 1279.12123817444
 1277.20781822205
 1233.19915931702
 1257.11690872192
 1314.5195072937
 1260.94374862671
 1252.33335884094
 1204.49786003113
 1222.67534957886
 1312.60608734131
 1216.93508972168
 1304.95240753174
 1332.69699684143
 1253.29006881714
 1278.16452819824
 1315.4762172699
 1230.32902938843
 1221.71863960266
 1247.54980895996
 1248.50651893616
 1199.71431015015
 1221.71863960266
 1182.49353057861
 1205.45457000732
 1205.45457000732
 1236.06928924561
 1227.45889945984
 1211.1948298645
 1182.49353057861
 1225.54547950745
 1201.62773010254
 1174.83985076904
 1167.18617095947
 1250.41993888855
 1190.14721038818
 1150.92210136414
 1168.14288093567
 1216.93508972168
 1155.70565124512
 1160.4892011261
 1205.45457000732
 1164.31604103088
 1193.97405029297
 1200.67102012634
 1116.48054222107
 1145.18184150696
 1158.57578117371
 1112.65370231628
 1093.51950279236
 1094.47621276855
 1070.55846336365
 1077.25543319702
 1020.80954460144
 1052.38097381592
 1083.9524030304
 1080.12556312561
 1031.3333543396
 1076.29872322083
 1027.50651443481
 1099.25976264954
 979.671015625
 1027.50651443481
 1015.06928474426
 992.108245315552
 1007.41560493469
